	0	1200	2400	3600	4800	6000	7200	8400	9600	10800	12000	13200	14400	15600	16800	18000	19200	20400	21600	22800	24000	25200	26400	27600	28800	30000	31200	32400	33600	34800	36000	37200	38400	39600	40800	42000	43200	44400	45600	46800	48000	49200	50400	51600	52800	54000
A01	0.026440000000000005	-0.008180000000000007	0.004740000000000022	-7.999999999999674e-05	-0.012319999999999998	-0.007040000000000046	0.014919999999999989	0.012439999999999979	0.0026600000000000235	0.022999999999999993	0.021299999999999986	0.0006200000000000372	0.007200000000000012	0.013979999999999992	0.00804000000000002	0.012480000000000047	0.014640000000000014	0.013139999999999985	0.015979999999999994	0.03555999999999998	0.02262000000000003	0.02324000000000001	0.04658000000000001	0.027359999999999995	0.05571999999999999	0.042519999999999974	0.050960000000000005	0.053680000000000005	0.08503999999999998	0.07006000000000004	0.08070000000000002	0.08975999999999998	0.10224	0.12129999999999999	0.14790000000000003	0.16560000000000002	0.17524	0.19347999999999999	0.254	0.24744	0.26564	0.29006	0.31474	0.36248	0.37158	0.39110000000000006
A02	-0.024819999999999995	-0.031159999999999993	-0.02991999999999999	-0.034199999999999994	-0.03644	-0.03449999999999999	-0.035359999999999975	-0.03360000000000002	-0.03481999999999999	-0.03703999999999999	-0.03805999999999998	-0.03745999999999998	-0.038720000000000004	-0.03592000000000001	-0.04037999999999997	-0.03954000000000002	-0.03719999999999998	-0.03844000000000003	-0.03814000000000001	-0.035259999999999986	-0.036640000000000006	-0.037500000000000006	-0.034639999999999976	-0.03852	-0.03455999999999998	-0.038120000000000015	-0.035759999999999986	-0.03433999999999998	-0.03345999999999999	-0.036839999999999984	-0.03658	-0.03744	-0.04078000000000001	-0.037380000000000024	-0.03704000000000002	-0.03542000000000001	-0.03536	-0.037120000000000014	-0.032320000000000015	-0.03403999999999999	-0.03320000000000001	-0.03244	-0.0338	-0.02940000000000001	-0.03316000000000002	-0.03409999999999999
A03	-0.02142000000000001	-0.035960000000000006	-0.04121999999999999	-0.04519999999999999	-0.03834	-0.03519999999999998	-0.04185999999999998	-0.03569999999999998	-0.03731999999999999	-0.040440000000000004	-0.03996000000000002	-0.041260000000000005	-0.04442	-0.041520000000000015	-0.04607999999999998	-0.04654000000000001	-0.04459999999999999	-0.04674000000000002	-0.04433999999999998	-0.036860000000000004	-0.043839999999999976	-0.043300000000000005	-0.04053999999999999	-0.04552000000000003	-0.04025999999999999	-0.044319999999999984	-0.04396000000000001	-0.042340000000000017	-0.03916	-0.04573999999999999	-0.04568	-0.045840000000000006	-0.04958000000000001	-0.04528000000000003	-0.04704000000000001	-0.04572	-0.04496	-0.04592	-0.04052	-0.043140000000000026	-0.0441	-0.040940000000000004	-0.0435	-0.036400000000000016	-0.04285999999999998	-0.043800000000000006
A04	-0.020420000000000008	-0.038459999999999994	-0.04521999999999998	-0.0466	-0.04443999999999999	-0.043099999999999986	-0.044959999999999986	-0.04459999999999999	-0.042919999999999986	-0.04944000000000001	-0.04826000000000001	-0.044060000000000016	-0.046020000000000005	-0.046020000000000005	-0.04937999999999998	-0.04884000000000001	-0.04879999999999998	-0.04984000000000001	-0.045739999999999975	-0.041359999999999994	-0.04593999999999998	-0.045	-0.045139999999999986	-0.046220000000000025	-0.04335999999999998	-0.04491999999999999	-0.04486000000000001	-0.04204000000000001	-0.04406	-0.04583999999999999	-0.04468	-0.04574000000000002	-0.048380000000000006	-0.04478000000000003	-0.04624000000000002	-0.045219999999999996	-0.042859999999999995	-0.044020000000000004	-0.041819999999999996	-0.04224000000000003	-0.04390000000000001	-0.040440000000000004	-0.04329999999999999	-0.03820000000000001	-0.04135999999999998	-0.0432
A05	0.015960000000000016	-0.02271999999999999	-0.03020000000000002	-0.03586	-0.037119999999999986	-0.03362	-0.029299999999999993	-0.034499999999999975	-0.02976000000000001	-0.03423999999999999	-0.03362000000000001	-0.02506	-0.02682000000000001	-0.027139999999999997	-0.02975999999999998	-0.02892	-0.02789999999999998	-0.02868000000000001	-0.024699999999999972	-0.023659999999999987	-0.025040000000000007	-0.0247	-0.027600000000000013	-0.02374000000000004	-0.027219999999999994	-0.02529999999999999	-0.023799999999999988	-0.022540000000000004	-0.028219999999999967	-0.0257	-0.024260000000000004	-0.02422000000000002	-0.02658000000000002	-0.024499999999999994	-0.025480000000000003	-0.025219999999999992	-0.02398	-0.023900000000000005	-0.028000000000000025	-0.021720000000000017	-0.02310000000000001	-0.02099999999999999	-0.022919999999999996	-0.023859999999999992	-0.022059999999999996	-0.023320000000000007
A06	0.01741999999999999	0.003480000000000011	-0.011819999999999997	-0.01715999999999998	-0.01336000000000001	-0.012599999999999972	-0.0065599999999999825	-0.012699999999999989	-0.009960000000000024	-0.011800000000000005	-0.012719999999999981	-0.010079999999999978	-0.011020000000000002	-0.009339999999999987	-0.010720000000000007	-0.007880000000000026	-0.003599999999999992	-0.00491999999999998	-0.00136	0.0019399999999999973	0.00243999999999997	0.004660000000000025	0.005839999999999984	0.012799999999999978	0.012919999999999987	0.01751999999999998	0.02200000000000002	0.02642	0.02980000000000002	0.035040000000000016	0.03983999999999999	0.04424000000000003	0.049500000000000016	0.05820000000000003	0.06653999999999999	0.07255999999999999	0.08234	0.08986000000000002	0.09656	0.12064	0.12700000000000003	0.13808000000000004	0.14664	0.16718000000000005	0.17035999999999998	0.17956000000000003
A07	-0.015539999999999998	-0.050100000000000006	-0.05557999999999998	-0.056639999999999996	-0.058060000000000014	-0.05687999999999997	-0.05848000000000002	-0.057120000000000004	-0.053659999999999985	-0.058179999999999996	-0.056620000000000004	-0.0542	-0.05624000000000001	-0.057239999999999985	-0.05929999999999999	-0.05779999999999999	-0.055779999999999996	-0.05724	-0.05629999999999999	-0.05201999999999998	-0.05733999999999999	-0.05707999999999998	-0.05615999999999999	-0.05361999999999999	-0.05429999999999996	-0.05774	-0.05602	-0.05235999999999999	-0.05502000000000001	-0.05614000000000001	-0.05442000000000001	-0.05440000000000002	-0.05819999999999999	-0.05414000000000002	-0.056760000000000005	-0.05517999999999999	-0.05304000000000002	-0.05422000000000002	-0.05557999999999999	-0.049699999999999994	-0.052620000000000014	-0.048899999999999985	-0.050780000000000006	-0.04852000000000001	-0.05098	-0.05170000000000001
A08	-0.02073999999999998	-0.0421	-0.043380000000000016	-0.04714	-0.04516000000000002	-0.04678	-0.05268000000000002	-0.045920000000000016	-0.045259999999999995	-0.05027999999999999	-0.05091999999999999	-0.04799999999999999	-0.05094000000000001	-0.05003999999999999	-0.0527	-0.05149999999999999	-0.049879999999999994	-0.05134000000000001	-0.05249999999999999	-0.048719999999999986	-0.05294	-0.05077999999999998	-0.05225999999999999	-0.05041999999999999	-0.053200000000000025	-0.051640000000000005	-0.05112	-0.04845999999999999	-0.05232000000000002	-0.052140000000000006	-0.050420000000000006	-0.05150000000000002	-0.05529999999999999	-0.051540000000000016	-0.053860000000000005	-0.05317999999999999	-0.05024000000000002	-0.051520000000000024	-0.05448	-0.046299999999999994	-0.04792000000000002	-0.044899999999999995	-0.047380000000000005	-0.04812000000000001	-0.04888000000000001	-0.049500000000000016
A09	-0.0014199999999999907	-0.012700000000000003	-0.02009999999999998	-0.023739999999999983	-0.025540000000000007	-0.022759999999999975	-0.0252	-0.02711999999999999	-0.023580000000000004	-0.023059999999999997	-0.02446000000000001	-0.026039999999999994	-0.02786000000000001	-0.027660000000000004	-0.02866000000000002	-0.028359999999999996	-0.02617999999999998	-0.02775999999999998	-0.028679999999999983	-0.021080000000000015	-0.028820000000000012	-0.027879999999999988	-0.023039999999999977	-0.027239999999999973	-0.02617999999999998	-0.02725999999999998	-0.028499999999999998	-0.025339999999999988	-0.024640000000000023	-0.02936000000000001	-0.029139999999999985	-0.029960000000000014	-0.031100000000000003	-0.029339999999999977	-0.029799999999999993	-0.029740000000000003	-0.028179999999999997	-0.027359999999999995	-0.024900000000000005	-0.027080000000000007	-0.027819999999999998	-0.02325999999999999	-0.026859999999999995	-0.020179999999999976	-0.027599999999999986	-0.026319999999999996
A10	-0.015819999999999987	-0.01900000000000003	-0.021500000000000005	-0.02363999999999998	-0.023739999999999983	-0.022960000000000008	-0.02410000000000001	-0.025719999999999993	-0.02378000000000001	-0.026359999999999995	-0.02696000000000001	-0.026039999999999966	-0.026959999999999984	-0.028260000000000007	-0.029460000000000014	-0.028359999999999996	-0.026279999999999998	-0.026959999999999984	-0.028679999999999983	-0.025780000000000025	-0.028620000000000007	-0.026979999999999976	-0.028340000000000004	-0.027840000000000004	-0.03197999999999998	-0.026259999999999978	-0.026999999999999996	-0.024039999999999978	-0.028740000000000016	-0.02806	-0.027739999999999987	-0.027960000000000013	-0.029200000000000004	-0.026439999999999964	-0.028599999999999987	-0.027139999999999997	-0.025279999999999997	-0.02706	-0.031200000000000006	-0.02757999999999998	-0.02742	-0.025359999999999994	-0.026259999999999978	-0.026079999999999992	-0.028599999999999987	-0.027520000000000003
A11	-0.011279999999999998	-0.039760000000000004	-0.04690000000000001	-0.050939999999999985	-0.04953999999999997	-0.04716000000000001	-0.05276	-0.05269999999999998	-0.048039999999999985	-0.05507999999999999	-0.05449999999999999	-0.04805999999999999	-0.051519999999999996	-0.05174000000000001	-0.053300000000000014	-0.0509	-0.050399999999999986	-0.05017999999999999	-0.049879999999999994	-0.04765999999999998	-0.05096000000000002	-0.05053999999999999	-0.05154	-0.049199999999999994	-0.05299999999999998	-0.05006000000000001	-0.04791999999999999	-0.04379999999999999	-0.05122	-0.049220000000000014	-0.04793999999999998	-0.047700000000000006	-0.05144	-0.046760000000000024	-0.04909999999999998	-0.047020000000000006	-0.04443999999999998	-0.047380000000000005	-0.05204000000000002	-0.047159999999999994	-0.045960000000000015	-0.04281999999999998	-0.04611999999999998	-0.04290000000000001	-0.044780000000000014	-0.04364000000000001
A12	0.021819999999999992	-0.0026600000000000096	-0.0032999999999999974	-0.001920000000000005	0.0019399999999999973	0.001439999999999969	-0.005319999999999991	0.0014200000000000046	0.00494	-0.0012199999999999989	0.00272	0.005960000000000021	0.006739999999999996	0.0062399999999999956	0.006080000000000002	0.00849999999999998	0.00928000000000001	0.010440000000000005	0.013319999999999999	0.013660000000000005	0.016179999999999972	0.016360000000000013	0.01916000000000001	0.020900000000000002	0.021060000000000023	0.02422000000000002	0.03197999999999998	0.037140000000000006	0.03462000000000001	0.037860000000000005	0.04219999999999999	0.04436000000000001	0.04757999999999998	0.05471999999999999	0.05692	0.06332000000000002	0.07465999999999998	0.0754	0.07621999999999998	0.09382000000000001	0.10080000000000003	0.11097999999999997	0.11576000000000003	0.12192	0.12978	0.13732
B01	-0.019339999999999996	0.006419999999999981	0.005980000000000013	0.0053600000000000175	0.008800000000000016	0.007640000000000008	0.0072199999999999764	0.012359999999999982	0.005839999999999984	0.009459999999999996	0.008039999999999992	0.0071400000000000075	0.00799999999999998	0.008700000000000013	0.006340000000000012	0.005000000000000032	0.005860000000000004	0.0040200000000000236	0.007239999999999969	0.007500000000000007	0.00837999999999997	0.007020000000000026	0.009300000000000003	0.007940000000000003	0.009459999999999996	0.007719999999999977	0.008960000000000024	0.008819999999999995	0.009480000000000016	0.00856000000000004	0.006900000000000017	0.007459999999999994	0.007739999999999997	0.007700000000000012	0.007259999999999989	0.008200000000000013	0.008100000000000024	0.00606000000000001	0.009139999999999981	0.008619999999999989	0.009920000000000012	0.00818000000000002	0.00952	0.007679999999999992	0.009099999999999997	0.007539999999999991
B02	-0.005260000000000001	0.012520000000000003	0.026540000000000008	0.004620000000000013	7.999999999999674e-05	0.0007599999999999552	0.02121999999999999	0.015439999999999982	0.02706	0.029899999999999982	0.026099999999999984	0.02362000000000003	0.0019000000000000128	0.002679999999999988	0.002840000000000009	0.003280000000000033	0.008739999999999998	0.009639999999999982	0.014479999999999993	0.01815999999999998	0.021220000000000017	0.02324000000000001	0.02768000000000001	0.03245999999999999	0.03811999999999999	0.042919999999999986	0.05126	0.06218000000000001	0.07043999999999997	0.08076000000000003	0.09230000000000002	0.10365999999999997	0.11603999999999998	0.13369999999999996	0.14890000000000003	0.1689	0.19024000000000002	0.20578000000000002	0.23859999999999998	0.28794000000000003	0.31394	0.34046	0.36773999999999996	0.40027999999999997	0.44148	0.48200000000000004
B03	-0.004119999999999999	-0.014659999999999992	-0.025519999999999987	-0.02779999999999999	-0.027139999999999997	-0.023299999999999987	-0.028959999999999986	-0.028100000000000014	-0.025719999999999993	-0.027939999999999993	-0.02505999999999997	-0.025259999999999977	-0.02592	-0.02782000000000001	-0.02987999999999999	-0.031040000000000012	-0.03	-0.030940000000000023	-0.028240000000000015	-0.023760000000000003	-0.028439999999999993	-0.028600000000000014	-0.02553999999999998	-0.027719999999999995	-0.025159999999999988	-0.028820000000000012	-0.02875999999999998	-0.027439999999999992	-0.025159999999999988	-0.029439999999999994	-0.02937999999999999	-0.03004000000000001	-0.030380000000000018	-0.030080000000000023	-0.030240000000000017	-0.030219999999999997	-0.02865999999999999	-0.030320000000000014	-0.02592	-0.029439999999999994	-0.028100000000000014	-0.026540000000000008	-0.02839999999999998	-0.02460000000000001	-0.028960000000000014	-0.02840000000000001
B04	0.0008799999999999919	-0.02756	-0.03841999999999998	-0.039999999999999994	-0.03693999999999999	-0.03799999999999998	-0.03345999999999999	-0.033299999999999996	-0.030319999999999986	-0.03224000000000002	-0.03136	-0.027360000000000023	-0.030820000000000014	-0.03322	-0.03297999999999998	-0.03334000000000001	-0.031299999999999994	-0.029140000000000027	-0.026439999999999964	-0.022059999999999996	-0.024139999999999967	-0.02149999999999999	-0.023139999999999994	-0.01882000000000003	-0.018959999999999977	-0.014819999999999972	-0.013759999999999994	-0.009940000000000004	-0.01286000000000001	-0.009239999999999998	-0.006780000000000008	-0.007540000000000019	-0.0011800000000000144	0.0006199999999999817	0.0030599999999999794	0.006979999999999986	0.016839999999999994	0.016880000000000006	0.013380000000000003	0.026959999999999984	0.027999999999999997	0.03326000000000001	0.04050000000000001	0.0358	0.046540000000000026	0.04880000000000001
B05	-0.022360000000000005	-0.04211999999999999	-0.05296000000000002	-0.05570000000000001	-0.050059999999999966	-0.047859999999999986	-0.05764000000000001	-0.04938000000000001	-0.04712000000000001	-0.05512	-0.05816	-0.050220000000000015	-0.05262	-0.05606000000000001	-0.05556	-0.056020000000000014	-0.05360000000000001	-0.055339999999999986	-0.0557	-0.05407999999999999	-0.05435999999999999	-0.0547	-0.05734000000000003	-0.051940000000000014	-0.05548000000000003	-0.05399999999999999	-0.05464000000000002	-0.05154	-0.05703999999999998	-0.054060000000000025	-0.0542	-0.05592	-0.05782000000000001	-0.055520000000000014	-0.056859999999999966	-0.054779999999999995	-0.053620000000000015	-0.05331999999999998	-0.05782000000000001	-0.051739999999999994	-0.051660000000000025	-0.048539999999999986	-0.051760000000000014	-0.05230000000000001	-0.05217999999999999	-0.051260000000000014
B06	-0.020239999999999994	-0.032860000000000014	-0.03698	-0.04210000000000001	-0.04033999999999999	-0.04126000000000003	-0.04345999999999997	-0.04282	-0.04100000000000002	-0.046020000000000005	-0.0431	-0.04113999999999998	-0.041440000000000005	-0.04383999999999999	-0.04432000000000001	-0.04594000000000001	-0.04255999999999999	-0.04579999999999998	-0.043159999999999976	-0.043599999999999986	-0.04370000000000002	-0.04329999999999998	-0.04544000000000001	-0.04026000000000002	-0.04591999999999996	-0.042220000000000035	-0.041779999999999984	-0.04030000000000003	-0.04560000000000003	-0.04238000000000003	-0.042300000000000004	-0.042660000000000003	-0.04275999999999999	-0.04180000000000003	-0.04297999999999999	-0.042060000000000014	-0.039620000000000016	-0.03951999999999997	-0.04381999999999997	-0.03794	-0.03917999999999999	-0.03559999999999999	-0.03760000000000002	-0.039799999999999974	-0.038959999999999995	-0.03735999999999998
B07	-0.016939999999999997	-0.0416	-0.04867999999999999	-0.05134	-0.048759999999999984	-0.04938000000000001	-0.05288000000000001	-0.051720000000000016	-0.047359999999999985	-0.05278000000000002	-0.05521999999999999	-0.04759999999999999	-0.05153999999999999	-0.05313999999999999	-0.0529	-0.053299999999999986	-0.05267999999999999	-0.05093999999999997	-0.05199999999999999	-0.051619999999999985	-0.05164000000000002	-0.04967999999999999	-0.05285999999999999	-0.04752000000000002	-0.052999999999999964	-0.04954	-0.049519999999999995	-0.048759999999999984	-0.05392000000000001	-0.05003999999999997	-0.05062000000000001	-0.05100000000000002	-0.05109999999999999	-0.04994	-0.051059999999999994	-0.05107999999999997	-0.04644000000000002	-0.04852000000000002	-0.05067999999999999	-0.04489999999999998	-0.047619999999999996	-0.043600000000000014	-0.045380000000000004	-0.048420000000000005	-0.046880000000000005	-0.04710000000000002
B08	-0.014539999999999983	-0.04599999999999997	-0.051079999999999987	-0.05774000000000003	-0.05436000000000002	-0.056679999999999967	-0.05488000000000001	-0.05822000000000001	-0.053559999999999997	-0.05747999999999999	-0.05652	-0.051699999999999996	-0.05683999999999999	-0.060439999999999994	-0.058899999999999994	-0.05840000000000002	-0.05897999999999999	-0.05633999999999997	-0.058499999999999996	-0.05651999999999999	-0.05754000000000002	-0.05307999999999999	-0.05375999999999999	-0.05162	-0.05509999999999997	-0.05374000000000001	-0.053419999999999995	-0.05175999999999999	-0.05442000000000001	-0.05344	-0.05422000000000002	-0.05470000000000001	-0.05589999999999999	-0.05393999999999999	-0.05556	-0.054279999999999995	-0.051540000000000016	-0.05422000000000002	-0.05208	-0.05139999999999999	-0.052620000000000014	-0.04870000000000002	-0.05188000000000001	-0.04941999999999998	-0.052180000000000004	-0.05160000000000001
B09	-0.004479999999999998	-0.022859999999999978	-0.018299999999999983	-0.027940000000000048	-0.01813999999999999	-0.025259999999999977	-0.023559999999999998	-0.027699999999999975	-0.024039999999999978	-0.02517999999999998	-0.02689999999999998	-0.02665999999999999	-0.027219999999999994	-0.026740000000000014	-0.029600000000000015	-0.028700000000000003	-0.028299999999999992	-0.02728	-0.02718000000000001	-0.023059999999999997	-0.027360000000000023	-0.028739999999999988	-0.024639999999999995	-0.026699999999999974	-0.018699999999999967	-0.027660000000000018	-0.02692	-0.027599999999999986	-0.024419999999999997	-0.030220000000000025	-0.029140000000000027	-0.030200000000000005	-0.03273999999999999	-0.028960000000000014	-0.030100000000000016	-0.028520000000000018	-0.02864	-0.02978000000000003	-0.025040000000000007	-0.028260000000000007	-0.028360000000000024	-0.026619999999999977	-0.02942	-0.02460000000000001	-0.02868000000000001	-0.027740000000000015
B10	0.038720000000000004	-0.00716	-0.011600000000000027	-0.019039999999999974	-0.016439999999999982	-0.014860000000000012	-0.01916000000000001	-0.01539999999999997	-0.01343999999999998	-0.01987999999999998	-0.0174	-0.011559999999999987	-0.01011999999999999	-0.011940000000000006	-0.009599999999999997	-0.009399999999999992	-0.004999999999999977	-0.004479999999999984	-0.0012799999999999756	-0.0021599999999999953	0.00243999999999997	0.0027600000000000124	0.0029599999999999904	0.010599999999999998	0.011000000000000038	0.013839999999999991	0.019580000000000014	0.023900000000000005	0.02837999999999999	0.031179999999999986	0.036260000000000014	0.043300000000000005	0.04086000000000001	0.05283999999999997	0.05710000000000001	0.06908	0.07006000000000001	0.08022000000000001	0.09466	0.11614	0.12923999999999997	0.14128	0.14488000000000004	0.1747	0.17432	0.19185999999999998
B11	-0.013179999999999997	-0.02146000000000002	-0.024400000000000005	-0.02382000000000002	-0.02285999999999999	-0.02486000000000002	-0.025120000000000003	-0.02557999999999999	-0.023760000000000003	-0.027819999999999984	-0.027379999999999988	-0.024539999999999992	-0.02575999999999999	-0.029160000000000005	-0.030119999999999994	-0.026800000000000018	-0.027719999999999995	-0.026259999999999978	-0.026379999999999987	-0.025540000000000007	-0.025920000000000026	-0.028139999999999984	-0.028340000000000004	-0.028499999999999984	-0.027239999999999986	-0.028679999999999983	-0.026320000000000038	-0.025559999999999986	-0.030480000000000007	-0.029340000000000005	-0.028899999999999995	-0.027840000000000004	-0.02782000000000001	-0.026980000000000004	-0.02887999999999999	-0.02617999999999998	-0.025640000000000024	-0.027499999999999997	-0.029980000000000007	-0.024179999999999993	-0.02419999999999997	-0.025620000000000004	-0.02703999999999998	-0.028079999999999994	-0.02801999999999999	-0.026579999999999993
B12	-0.0001799999999999996	-0.014159999999999992	-0.014099999999999974	-0.017620000000000025	-0.012860000000000038	-0.012559999999999988	-0.013020000000000004	-0.013179999999999997	-0.01396	-0.016220000000000012	-0.015979999999999994	-0.014939999999999981	-0.010060000000000013	-0.014060000000000017	-0.015220000000000011	-0.013899999999999996	-0.012720000000000009	-0.01236000000000001	-0.012180000000000024	-0.012539999999999996	-0.01212000000000002	-0.013639999999999985	-0.015339999999999965	-0.013999999999999985	-0.016939999999999983	-0.014379999999999976	-0.009220000000000034	-0.010059999999999986	-0.01627999999999999	-0.012039999999999995	-0.012800000000000006	-0.012240000000000001	-0.013020000000000004	-0.011380000000000001	-0.013680000000000025	-0.009979999999999989	-0.00964000000000001	-0.012199999999999989	-0.018080000000000013	-0.015279999999999988	-0.013299999999999979	-0.010819999999999996	-0.01293999999999998	-0.012479999999999991	-0.013219999999999982	-0.012279999999999985
C01	-0.015340000000000006	-0.0007800000000000168	0.0038800000000000084	0.007660000000000014	0.005400000000000002	0.0012399999999999911	0.002019999999999994	0.0031599999999999684	-0.002260000000000012	-0.00014000000000000123	-0.00015999999999996573	-0.01165999999999999	-0.011100000000000013	-0.010399999999999993	-0.013159999999999977	-0.014299999999999966	-0.014939999999999995	-0.015280000000000002	-0.014359999999999998	-0.007500000000000007	-0.013319999999999985	-0.014079999999999968	-0.006900000000000017	-0.013060000000000002	-0.007039999999999991	-0.014779999999999988	-0.015640000000000015	-0.014679999999999999	-0.008220000000000005	-0.014939999999999995	-0.01679999999999998	-0.016240000000000004	-0.013859999999999997	-0.014799999999999994	-0.014939999999999995	-0.014699999999999963	-0.013000000000000012	-0.016939999999999983	-0.010059999999999986	-0.014179999999999984	-0.013179999999999997	-0.01251999999999999	-0.012679999999999983	-0.009819999999999982	-0.012999999999999984	-0.014259999999999995
C02	0.008440000000000003	-0.011880000000000002	-0.011959999999999985	-0.011780000000000013	-0.013319999999999999	-0.013539999999999996	-0.014679999999999999	-0.01336000000000001	-0.014339999999999992	-0.015500000000000014	-0.015899999999999997	-0.015879999999999977	-0.017299999999999982	-0.017620000000000025	-0.010559999999999986	-0.009720000000000006	-0.00825999999999999	-0.008260000000000017	-0.015519999999999978	-0.014540000000000025	-0.016379999999999978	-0.01656000000000002	-0.016619999999999996	-0.015240000000000004	-0.01627999999999999	-0.016380000000000006	-0.015139999999999987	-0.014419999999999988	-0.016460000000000002	-0.015439999999999982	-0.015699999999999992	-0.015540000000000026	-0.016259999999999997	-0.016500000000000015	-0.016599999999999976	-0.015999999999999986	-0.013160000000000005	-0.016119999999999995	-0.018100000000000005	-0.014459999999999973	-0.014060000000000017	-0.013039999999999996	-0.015159999999999979	-0.01312000000000002	-0.014520000000000005	-0.013599999999999973
C03	0.0002400000000000041	-0.010779999999999998	-0.020459999999999992	-0.018280000000000005	-0.013619999999999993	-0.014039999999999997	-0.01658000000000001	-0.015560000000000018	-0.014239999999999975	-0.017499999999999988	-0.016500000000000015	-0.011979999999999963	-0.011800000000000005	-0.012320000000000025	-0.013559999999999989	-0.014120000000000021	-0.010160000000000002	-0.008459999999999995	-0.005920000000000009	-0.0043400000000000105	-0.0026800000000000157	-0.002260000000000012	-0.00381999999999999	0.003959999999999991	-8.00000000000245e-05	0.0071199999999999875	0.008260000000000017	0.013580000000000009	0.009039999999999992	0.016160000000000035	0.018400000000000027	0.019559999999999966	0.023639999999999994	0.027199999999999974	0.03190000000000001	0.0373	0.04324	0.04497999999999999	0.04929999999999998	0.06464000000000003	0.06874	0.07896	0.08324000000000001	0.08358000000000002	0.09418000000000001	0.10040000000000004
C04	-0.03352	-0.033060000000000006	-0.03291999999999999	-0.036199999999999996	-0.03613999999999999	-0.03519999999999998	-0.03735999999999998	-0.035400000000000015	-0.03312	-0.03763999999999998	-0.035759999999999986	-0.03315999999999998	-0.033519999999999994	-0.03492000000000001	-0.03557999999999997	-0.03624000000000002	-0.0358	-0.03484000000000001	-0.03264	-0.03645999999999999	-0.03364	-0.03409999999999999	-0.039939999999999976	-0.030819999999999986	-0.03695999999999999	-0.03162000000000001	-0.03285999999999997	-0.030539999999999984	-0.03806000000000001	-0.03173999999999999	-0.03228	-0.034040000000000015	-0.03308	-0.03188000000000002	-0.03214	-0.03372	-0.03236	-0.03372	-0.03802	-0.03264	-0.03140000000000001	-0.030439999999999995	-0.0295	-0.03530000000000001	-0.031460000000000016	-0.0305
C05	-0.032260000000000004	-0.01541999999999999	-0.005860000000000004	-0.0038000000000000256	-0.0014599999999999613	-0.0008599999999999719	-0.005040000000000017	-0.0007800000000000307	-0.0024200000000000055	-0.00491999999999998	-0.002160000000000023	-0.002920000000000006	-0.0032200000000000006	-0.003359999999999974	-0.003259999999999985	-0.001720000000000027	-0.002799999999999997	-0.002239999999999992	-0.0009000000000000119	-0.0035800000000000276	-0.0017599999999999838	0.00040000000000001146	-0.005340000000000011	-0.00024000000000001798	-0.0010799999999999976	-0.0020000000000000018	-0.004040000000000016	-0.0024399999999999977	-0.0027399999999999924	-0.0018600000000000283	0.0007000000000000062	-0.0025199999999999945	-0.002119999999999983	-0.0003200000000000147	-0.00136	1.9999999999992246e-05	-0.002720000000000028	7.999999999999674e-05	-0.0022199999999999998	-0.0037399999999999933	-0.0016599999999999948	-0.0016400000000000303	-5.999999999997674e-05	-0.006499999999999978	-0.0028799999999999937	-0.0019600000000000173
C06	-0.00517999999999999	0.007519999999999999	0.022739999999999982	0.026079999999999992	0.030240000000000045	0.027379999999999988	0.024159999999999987	0.020759999999999973	0.016640000000000016	0.021100000000000008	0.02365999999999996	0.016540000000000027	0.017439999999999983	0.01197999999999999	0.011880000000000002	0.015619999999999995	0.013660000000000005	0.008920000000000011	0.014060000000000017	0.015839999999999993	0.017520000000000008	0.015660000000000007	0.014520000000000033	0.014739999999999975	0.018219999999999986	0.012899999999999995	0.006040000000000018	0.010420000000000013	0.017840000000000023	0.012700000000000017	0.014320000000000027	0.014980000000000021	0.010340000000000016	0.012280000000000013	0.012859999999999983	0.013300000000000006	0.007619999999999988	0.015979999999999994	0.013019999999999976	0.007500000000000007	0.013800000000000007	0.012679999999999997	0.016600000000000004	0.009460000000000024	0.012500000000000011	0.00949999999999998
C07	-0.029279999999999994	-0.019079999999999986	-0.024760000000000004	-0.012720000000000009	-0.019459999999999977	-0.020419999999999994	-0.01904	-0.023840000000000028	-0.01665999999999998	-0.02579999999999999	-0.02343999999999996	-0.021159999999999957	-0.02286000000000002	-0.02162	-0.023520000000000013	-0.020680000000000004	-0.02234	-0.021279999999999993	-0.022040000000000004	-0.027460000000000012	-0.021979999999999972	-0.020539999999999975	-0.02357999999999999	-0.019860000000000017	-0.02517999999999998	-0.020699999999999996	-0.02145999999999998	-0.019179999999999975	-0.025760000000000005	-0.02209999999999998	-0.02147999999999997	-0.02281999999999998	-0.02185999999999999	-0.01952000000000001	-0.02214000000000002	-0.021499999999999964	-0.018979999999999997	-0.02071999999999999	-0.02028000000000002	-0.022399999999999975	-0.01780000000000001	-0.018820000000000003	-0.018799999999999983	-0.026839999999999975	-0.0204	-0.019800000000000012
C08	-0.00248000000000001	-0.00355999999999998	-0.0031000000000000194	-0.00474000000000005	-0.0008399999999999797	-0.0009599999999999886	-0.0017600000000000116	-0.002899999999999986	-0.0038399999999999823	-0.005679999999999991	-0.005299999999999971	-0.003759999999999958	-0.002819999999999989	-0.004040000000000016	-0.0032999999999999974	-0.003400000000000014	-0.0031000000000000194	-0.002579999999999999	-0.0020800000000000263	-0.00245999999999999	-0.002160000000000023	-0.0019399999999999973	-0.0027399999999999924	-0.0027000000000000357	-0.0006999999999999784	-0.0037600000000000133	-0.0036199999999999566	-0.0020000000000000018	-0.0016200000000000103	-0.003119999999999984	-0.0014399999999999968	-0.0032000000000000084	-0.002840000000000009	-0.0019600000000000173	-0.002700000000000008	-0.0023199999999999887	-0.0005399999999999849	-0.002980000000000038	-0.00034000000000000696	-0.0025600000000000067	-0.0026600000000000235	-0.0023199999999999887	-0.002219999999999972	-0.0032000000000000084	-0.0025800000000000267	-0.0025400000000000145
C09	0.008220000000000005	-0.00405999999999998	-0.001999999999999974	-0.002840000000000037	-0.0025400000000000145	-0.003659999999999969	-0.007360000000000005	-0.003699999999999981	-0.0038399999999999823	-0.0048799999999999955	-0.0040999999999999925	-0.002559999999999979	0.00028000000000000247	0.0006599999999999939	0.0020000000000000018	0.0022000000000000075	0.005900000000000016	0.00792000000000001	0.011019999999999974	0.012240000000000029	0.013739999999999974	0.017960000000000004	0.020059999999999995	0.023300000000000043	0.027900000000000036	0.031039999999999984	0.03598000000000001	0.0441	0.047479999999999994	0.05517999999999998	0.06015999999999999	0.069	0.07786000000000001	0.08693999999999996	0.098	0.11017999999999997	0.12596000000000002	0.13361999999999996	0.15575999999999998	0.18333999999999998	0.19244	0.20248000000000002	0.21648	0.2412	0.25432	0.27105999999999997
C10	-0.022680000000000006	-0.05316000000000001	-0.05719999999999999	-0.06123999999999999	-0.06044000000000001	-0.055759999999999976	-0.06726	-0.056200000000000014	-0.05453999999999998	-0.06288000000000002	-0.061999999999999986	-0.056559999999999985	-0.056319999999999995	-0.05654000000000001	-0.058800000000000005	-0.05750000000000001	-0.05749999999999998	-0.05728	-0.05807999999999999	-0.06015999999999999	-0.05786000000000002	-0.05713999999999998	-0.062240000000000004	-0.05579999999999999	-0.06319999999999998	-0.057560000000000014	-0.05552	-0.0534	-0.06342	-0.056220000000000006	-0.05643999999999999	-0.0572	-0.05724	-0.05676000000000002	-0.05810000000000001	-0.05632000000000001	-0.05373999999999998	-0.05828	-0.062140000000000015	-0.05466	-0.056660000000000016	-0.05411999999999999	-0.057020000000000015	-0.05720000000000003	-0.05568000000000001	-0.05324000000000001
C11	-0.00938	-0.017860000000000015	-0.021399999999999975	-0.023020000000000013	-0.02776000000000002	-0.02815999999999999	-0.02701999999999999	-0.03147999999999998	-0.030160000000000006	-0.031219999999999984	-0.03137999999999999	-0.03403999999999999	-0.03406000000000002	-0.03576	-0.036320000000000005	-0.03420000000000001	-0.035919999999999994	-0.03346000000000002	-0.03528000000000002	-0.029240000000000002	-0.036720000000000017	-0.03663999999999999	-0.03264	-0.034699999999999995	-0.030339999999999978	-0.03797999999999997	-0.03542000000000002	-0.03355999999999999	-0.031179999999999986	-0.035640000000000005	-0.035699999999999996	-0.03554	-0.036620000000000014	-0.03438000000000001	-0.03768000000000002	-0.03557999999999999	-0.033040000000000014	-0.03609999999999999	-0.03358	-0.035079999999999986	-0.03669999999999998	-0.03412000000000001	-0.03603999999999999	-0.03238000000000002	-0.03721999999999999	-0.035379999999999995
C12	-0.0010799999999999976	-0.018359999999999987	-0.003899999999999987	-0.010820000000000024	-0.017860000000000015	-0.014960000000000001	-0.012619999999999992	-0.013279999999999986	0.002939999999999998	-0.004720000000000002	-0.005479999999999985	-0.005940000000000001	-0.0024600000000000177	-0.0008599999999999997	-0.0018199999999999883	-0.0005000000000000004	0.001679999999999987	0.00713999999999998	0.007619999999999988	0.00816	0.005579999999999974	0.009360000000000007	0.012060000000000015	0.009500000000000008	0.019460000000000033	0.016520000000000035	0.020279999999999965	0.025540000000000007	0.03381999999999999	0.031060000000000004	0.0368	0.043160000000000004	0.04768	0.05632000000000001	0.06631999999999999	0.07712000000000002	0.08955999999999997	0.0945	0.12161999999999998	0.14622000000000002	0.16430000000000003	0.18447999999999998	0.20336000000000004	0.24652	0.25158	0.26882
D01	-0.02308000000000001	-0.018919999999999992	-0.026340000000000002	-0.02796	-0.025900000000000006	-0.028360000000000024	-0.031320000000000014	-0.02798000000000002	-0.02822000000000001	-0.029899999999999996	-0.029559999999999975	-0.030999999999999986	-0.030759999999999996	-0.00828000000000001	-0.03263999999999999	-0.034379999999999966	-0.03305999999999999	-0.03270000000000002	-0.0314	-0.028919999999999987	-0.03211999999999998	-0.03123999999999999	-0.029740000000000003	-0.030579999999999996	-0.030860000000000012	-0.03147999999999998	-0.03146	-0.0286	-0.029039999999999982	-0.029759999999999995	-0.03129999999999998	-0.03176	-0.033320000000000016	-0.03120000000000002	-0.033000000000000015	-0.029779999999999987	-0.03	-0.03178	-0.030479999999999993	-0.028659999999999963	-0.02865999999999999	-0.0296	-0.02964	-0.02664000000000001	-0.028179999999999997	-0.02908000000000001
D02	-0.028080000000000015	-0.032619999999999996	-0.03304	-0.028560000000000002	-0.026900000000000007	-0.026060000000000014	-0.03342000000000002	-0.026380000000000015	-0.026120000000000018	-0.030600000000000002	-0.03275999999999997	-0.029499999999999985	-0.03195999999999999	-0.03138000000000002	-0.032339999999999994	-0.03377999999999996	-0.03355999999999999	-0.03310000000000003	-0.030300000000000007	-0.03032	-0.03211999999999998	-0.029239999999999988	-0.031240000000000004	-0.03028	-0.03166000000000001	-0.031079999999999983	-0.03086	-0.02990000000000001	-0.02973999999999999	-0.03136	-0.031899999999999984	-0.03195999999999999	-0.03302000000000001	-0.031900000000000026	-0.033000000000000015	-0.03187999999999998	-0.031100000000000003	-0.03228	-0.031179999999999986	-0.02955999999999996	-0.030959999999999988	-0.0291	-0.03154	-0.02984000000000002	-0.029179999999999984	-0.02918000000000001
D03	-0.02282	-0.03204	-0.033960000000000004	-0.03368	-0.031420000000000003	-0.030939999999999995	-0.03604	-0.03474000000000002	-0.031299999999999994	-0.03681999999999999	-0.03633999999999998	-0.0348	-0.03506000000000001	-0.03720000000000001	-0.036599999999999994	-0.03976000000000002	-0.03947999999999999	-0.03838	-0.036619999999999986	-0.03631999999999998	-0.03742000000000001	-0.03581999999999999	-0.03742000000000001	-0.03559999999999999	-0.038199999999999984	-0.03718000000000002	-0.03616	-0.035079999999999986	-0.037239999999999995	-0.03719999999999998	-0.0373	-0.03777999999999998	-0.03959999999999997	-0.03811999999999999	-0.03889999999999999	-0.03837999999999997	-0.03761999999999999	-0.03874	-0.038140000000000035	-0.035140000000000005	-0.0363	-0.033600000000000005	-0.03502000000000002	-0.03484000000000001	-0.0343	-0.03481999999999996
D04	-0.032119999999999996	-0.026840000000000003	-0.028159999999999977	-0.028679999999999983	-0.026819999999999983	-0.02913999999999997	-0.028939999999999994	-0.029040000000000038	-0.02729999999999999	-0.030819999999999986	-0.031240000000000018	-0.029200000000000004	-0.028460000000000013	-0.029100000000000015	-0.030099999999999988	-0.03016000000000002	-0.029480000000000006	-0.029680000000000012	-0.02682000000000001	-0.02851999999999999	-0.024520000000000014	-0.02672000000000002	-0.030120000000000008	-0.024900000000000005	-0.028699999999999976	-0.025880000000000014	-0.02506	-0.024180000000000007	-0.028439999999999965	-0.024599999999999983	-0.0237	-0.024480000000000002	-0.026100000000000012	-0.024520000000000014	-0.02560000000000001	-0.025379999999999986	-0.02582000000000001	-0.02434	-0.028839999999999977	-0.02243999999999996	-0.0237	-0.02369999999999997	-0.023019999999999985	-0.02493999999999999	-0.021999999999999992	-0.02331999999999998
D05	-0.02905999999999999	-0.011300000000000004	-0.0050000000000000044	-0.0003800000000000192	0.002260000000000012	-0.0007000000000000062	-0.0013199999999999878	0.00017999999999998573	9.999999999998899e-05	-0.0008999999999999841	-0.0020400000000000418	-0.0035600000000000076	-0.0019600000000000173	-0.0018399999999999805	-0.0018800000000000205	-0.0019399999999999973	-0.0011800000000000144	-0.001679999999999987	-0.0006799999999999862	-0.0010399999999999854	-0.0008400000000000074	0.0008800000000000197	-0.0004200000000000037	-2.0000000000020002e-05	0.0008800000000000197	-0.0008599999999999997	-0.0014399999999999968	-0.00017999999999995797	-0.0013199999999999878	-0.0003200000000000147	-0.00021999999999999797	0.0005399999999999849	0.00015999999999999348	-0.00016000000000002124	-0.0013199999999999878	-0.0013400000000000079	-0.00138000000000002	-0.0008399999999999797	-0.001439999999999969	0.0004599999999999882	-0.0010599999999999776	-0.0016999999999999793	0.0016199999999999826	-0.0008399999999999797	0.0004800000000000082	1.9999999999992246e-05
D06	-0.001559999999999992	0.01050000000000001	0.012099999999999972	0.016699999999999993	0.015459999999999974	0.012480000000000019	0.013560000000000016	0.013139999999999985	0.013900000000000023	0.013660000000000005	0.012920000000000015	0.012699999999999989	0.012779999999999986	0.011619999999999991	0.012160000000000004	0.013920000000000016	0.012759999999999966	0.012740000000000001	0.01124	0.013020000000000004	0.012539999999999996	0.013380000000000003	0.011340000000000017	0.012440000000000007	0.010819999999999996	0.0131	0.014619999999999994	0.013580000000000009	0.012320000000000025	0.013640000000000013	0.012420000000000014	0.012760000000000021	0.012520000000000003	0.013419999999999987	0.012059999999999987	0.013520000000000004	0.014519999999999977	0.013300000000000006	0.010899999999999993	0.013779999999999987	0.01446	0.013600000000000001	0.012720000000000009	0.012559999999999988	0.013039999999999996	0.013240000000000002
D07	0.002939999999999998	0.017199999999999993	0.02259999999999998	0.025599999999999984	0.026360000000000022	0.02457999999999999	0.026660000000000017	0.02443999999999999	0.023100000000000037	0.025859999999999994	0.025520000000000015	0.022299999999999986	0.023779999999999996	0.024719999999999992	0.026260000000000006	0.025520000000000015	0.022759999999999975	0.02343999999999999	0.02374000000000001	0.02321999999999999	0.023840000000000028	0.022879999999999984	0.02384	0.02234	0.023619999999999974	0.025000000000000022	0.023820000000000008	0.02138000000000001	0.025820000000000037	0.02324000000000001	0.022320000000000034	0.023060000000000025	0.024120000000000003	0.021919999999999967	0.024059999999999998	0.023519999999999985	0.02231999999999998	0.022800000000000015	0.0247	0.01868000000000003	0.01966000000000001	0.018500000000000016	0.019320000000000004	0.020360000000000017	0.020540000000000003	0.019339999999999996
D08	0.01614	-0.005619999999999986	-0.009100000000000025	-0.006680000000000047	-0.0033199999999999896	0.00010000000000001674	0.0020200000000000218	0.00010000000000001674	0.004880000000000023	0.0034200000000000064	0.0034400000000000264	0.004480000000000012	0.005560000000000009	0.007800000000000001	0.007939999999999975	0.008800000000000002	0.01095999999999997	0.012419999999999987	0.014399999999999996	0.008800000000000002	0.015520000000000006	0.019880000000000037	0.016699999999999993	0.02407999999999999	0.019640000000000046	0.033280000000000004	0.03704000000000002	0.04016	0.03653999999999999	0.05138000000000001	0.05770000000000003	0.06838	0.07284000000000002	0.08279999999999998	0.08737999999999999	0.09856000000000001	0.11341999999999999	0.12997999999999996	0.12686000000000003	0.1926	0.2155	0.22756000000000004	0.25584	0.25500000000000006	0.30622	0.3456199999999999
D09	-0.021959999999999993	-0.029020000000000018	-0.029099999999999987	-0.027679999999999982	-0.029720000000000024	-0.029899999999999982	-0.028980000000000006	-0.028799999999999992	-0.025620000000000004	-0.030480000000000007	-0.028959999999999986	-0.029920000000000002	-0.02954000000000001	-0.024400000000000033	-0.02596000000000001	-0.024099999999999983	-0.02643999999999999	-0.02887999999999999	-0.02729999999999999	-0.02890000000000001	-0.02207999999999999	-0.029719999999999996	-0.026900000000000007	-0.02682000000000001	-0.03145999999999996	-0.02861999999999998	-0.027860000000000024	-0.02534	-0.03186000000000003	-0.024019999999999986	-0.026499999999999996	-0.026020000000000015	-0.02505999999999997	-0.024900000000000005	-0.028719999999999996	-0.026240000000000013	-0.027380000000000015	-0.025519999999999987	-0.03214	-0.021300000000000013	-0.026599999999999985	-0.029340000000000005	-0.028859999999999997	-0.03359999999999999	-0.025980000000000003	-0.02637999999999996
D10	0.006999999999999992	-0.010119999999999976	-0.011439999999999978	-0.01601999999999998	-0.021720000000000017	-0.01396	-0.013899999999999996	-0.016740000000000005	-0.015720000000000012	-0.0126	-0.011999999999999983	-0.013679999999999998	-0.013620000000000021	-0.01212000000000002	-0.014179999999999998	-0.013260000000000022	-0.01197999999999999	-0.010440000000000005	-0.011299999999999977	-0.004799999999999999	-0.010200000000000015	-0.008260000000000017	-0.0021200000000000108	-0.005340000000000011	0.003019999999999995	0.0023400000000000087	0.006080000000000002	0.007720000000000005	0.016339999999999993	0.015680000000000027	0.01565999999999998	0.02002000000000001	0.023180000000000006	0.0252	0.02730000000000002	0.03408	0.04061999999999996	0.03935999999999998	0.055879999999999985	0.059500000000000025	0.06334000000000001	0.06946	0.07506000000000002	0.08902000000000002	0.08873999999999999	0.09592
D11	-0.00358	-0.018259999999999985	-0.007700000000000012	-0.008819999999999995	-0.010060000000000013	-0.00925999999999999	-0.006619999999999987	-0.010079999999999978	-0.007960000000000023	-0.00792000000000001	-0.007979999999999987	-0.009239999999999998	-0.005959999999999993	-0.0062600000000000156	-0.007319999999999993	-0.005900000000000016	-0.005220000000000002	-0.002260000000000012	-0.0010799999999999976	0.00496000000000002	0.0011799999999999866	0.006159999999999999	0.011259999999999964	0.010300000000000004	0.016160000000000008	0.01632	0.023279999999999967	0.029740000000000016	0.03622	0.040959999999999996	0.043999999999999984	0.05446000000000001	0.06248000000000001	0.07302	0.08051999999999998	0.09662000000000001	0.11055999999999999	0.11650000000000002	0.14622000000000002	0.16942000000000002	0.1875	0.20928000000000002	0.22296	0.24961999999999998	0.26718000000000003	0.28742
D12	0.003359999999999988	0.024959999999999996	0.024919999999999998	0.01029999999999999	0.009780000000000011	0.011440000000000006	0.00606000000000001	0.012020000000000003	0.014679999999999999	0.012639999999999957	0.013519999999999976	0.01286000000000001	0.015839999999999993	0.015740000000000004	0.016079999999999983	0.01627999999999999	0.01604	0.019540000000000002	0.020819999999999977	0.024200000000000027	0.021659999999999985	0.02479999999999999	0.03372000000000003	0.02892	0.04092000000000001	0.03838	0.04322000000000001	0.04782	0.06631999999999999	0.056880000000000014	0.06064	0.06888	0.07750000000000001	0.07868	0.08795999999999998	0.09844	0.11518	0.10893999999999998	0.16388	0.15096000000000004	0.1622	0.17898000000000003	0.19823999999999997	0.26542	0.23254	0.25001999999999996
E01	-0.015579999999999997	-0.019419999999999993	-0.020140000000000005	-0.02126	-0.02170000000000001	-0.024260000000000018	-0.02482000000000001	-0.026180000000000023	-0.02712000000000002	-0.025499999999999995	-0.029359999999999983	-0.025699999999999987	-0.026459999999999997	-0.027280000000000013	-0.025639999999999996	-0.028880000000000017	-0.027260000000000006	-0.026600000000000013	-0.027800000000000005	-0.02932	0.033979999999999955	-0.026540000000000022	-0.03223999999999998	-0.026279999999999998	-0.03296	-0.02617999999999998	-0.025859999999999994	-0.022399999999999975	-0.03133999999999999	-0.02456	-0.026199999999999987	-0.02456	-0.027220000000000022	-0.025800000000000017	-0.025000000000000022	-0.023380000000000012	-0.023900000000000005	-0.02557999999999999	-0.034079999999999985	-0.024060000000000026	-0.024760000000000004	-0.02460000000000001	-0.02424000000000001	-0.029440000000000008	-0.024279999999999996	-0.024480000000000002
E02	-0.023579999999999997	-0.020519999999999983	-0.024639999999999967	-0.024860000000000007	-0.024800000000000016	-0.024460000000000023	-0.024719999999999992	-0.023480000000000015	-0.02322000000000002	-0.0262	-0.028360000000000038	-0.02360000000000001	-0.02665999999999999	-0.02608000000000002	-0.026240000000000013	-0.028580000000000022	-0.02765999999999999	-0.027400000000000008	-0.0247	-0.02511999999999999	-0.026219999999999993	-0.024540000000000006	-0.025739999999999985	-0.024980000000000002	-0.028560000000000002	-0.02517999999999998	-0.024260000000000004	-0.023699999999999985	-0.024639999999999995	-0.02456	-0.025199999999999972	-0.02506	-0.027319999999999983	-0.02570000000000003	-0.026099999999999984	-0.026580000000000006	-0.025599999999999998	-0.026579999999999993	-0.027379999999999988	-0.023659999999999987	-0.02395999999999998	-0.02360000000000001	-0.024339999999999973	-0.023340000000000014	-0.02348	-0.023280000000000023
E03	-0.006279999999999994	-0.005319999999999991	-0.010639999999999969	-0.008060000000000012	-0.007000000000000006	-0.007360000000000033	-0.009419999999999984	-0.005680000000000018	-0.005520000000000025	-0.008699999999999986	-0.010060000000000041	-0.0023000000000000242	-0.005860000000000032	-0.005880000000000024	-0.005640000000000006	-0.005980000000000013	-0.0047599999999999865	-0.00360000000000002	0.0020999999999999908	-0.0014200000000000046	0.0036800000000000166	0.005860000000000004	0.0017599999999999838	0.00952	0.005339999999999984	0.015920000000000017	0.01804	0.0232	0.01756000000000002	0.031040000000000012	0.035500000000000004	0.04014000000000001	0.04648000000000002	0.05529999999999999	0.06349999999999997	0.07171999999999998	0.08030000000000001	0.08942	0.07462000000000002	0.13103999999999996	0.14004	0.16099999999999998	0.17986000000000002	0.16036	0.22482000000000002	0.25372
E04	-0.006380000000000011	-0.02488	-0.034659999999999996	-0.03481999999999999	-0.03612000000000001	-0.029499999999999985	-0.02915999999999999	-0.029960000000000014	-0.026440000000000005	-0.030200000000000005	-0.028600000000000014	-0.025119999999999976	-0.02887999999999999	-0.02610000000000004	-0.026359999999999967	-0.026219999999999993	-0.022559999999999997	-0.020940000000000014	-0.014579999999999982	-0.009759999999999991	-0.009879999999999972	-0.007000000000000006	-0.0014399999999999968	0.0004200000000000037	0.006099999999999994	0.008680000000000021	0.011540000000000022	0.020860000000000017	0.032560000000000006	0.0335	0.03903999999999999	0.04468	0.05076	0.06147999999999998	0.07019999999999998	0.07972000000000001	0.09262000000000001	0.10131999999999997	0.1381	0.14317999999999997	0.15797999999999995	0.17250000000000001	0.18738	0.24239999999999998	0.22036000000000003	0.23722000000000004
E05	-0.0033399999999999958	0.027100000000000013	0.03879999999999997	0.03954000000000002	0.04146	0.03754000000000002	0.03874	0.04118000000000002	0.03765999999999997	0.04233999999999999	0.04247999999999999	0.03791999999999998	0.041819999999999996	0.04440000000000002	0.043279999999999985	0.043899999999999995	0.043660000000000004	0.04248000000000002	0.04225999999999999	0.03610000000000002	0.043399999999999994	0.042419999999999985	0.04149999999999998	0.04209999999999997	0.04074	0.042660000000000003	0.04078000000000001	0.03871999999999998	0.040220000000000006	0.04112000000000002	0.04290000000000002	0.04527999999999999	0.046500000000000014	0.04346	0.044280000000000014	0.04092000000000001	0.03875999999999996	0.041820000000000024	0.0411	0.04076000000000002	0.039459999999999995	0.03567999999999999	0.04169999999999999	0.03534000000000001	0.03985999999999998	0.039840000000000014
E06	-0.027559999999999994	-0.0067000000000000115	0.0003999999999999837	0.0020999999999999908	0.0023599999999999732	0.0015800000000000258	0.007460000000000022	0.0025399999999999867	0.0001000000000000445	0.007759999999999989	0.00632000000000002	0.0015999999999999903	0.0037800000000000056	0.0040200000000000236	0.002160000000000023	0.002720000000000028	0.003459999999999963	0.003239999999999993	0.0034399999999999986	0.0022199999999999998	0.00494	0.0047800000000000065	0.006040000000000018	0.0034399999999999986	0.004820000000000019	0.003899999999999987	0.0033199999999999896	0.0023799999999999932	0.003720000000000029	0.0043400000000000105	0.005920000000000036	0.005360000000000004	0.004720000000000002	0.006619999999999987	0.005159999999999998	0.005220000000000002	0.002219999999999972	0.00470000000000001	0.003599999999999992	0.007279999999999981	0.007660000000000028	0.003700000000000009	0.007319999999999965	-0.0007400000000000184	0.006440000000000001	0.005739999999999995
E07	0.00034000000000000696	-0.0315	-0.04230000000000003	-0.049000000000000016	-0.04604	-0.04171999999999998	-0.04514000000000001	-0.04376000000000002	-0.04269999999999996	-0.04483999999999999	-0.04567999999999997	-0.042200000000000015	-0.04541999999999999	-0.04577999999999999	-0.045139999999999986	-0.04537999999999995	-0.04224000000000003	-0.04116	-0.03816	-0.034780000000000005	-0.03675999999999999	-0.03431999999999999	-0.030359999999999998	-0.02725999999999998	-0.028579999999999994	-0.023299999999999987	-0.02028000000000002	-0.01472000000000001	-0.01787999999999998	-0.008659999999999973	-0.0040799999999999725	0.00035999999999997145	0.006319999999999992	0.012619999999999965	0.016960000000000003	0.026620000000000005	0.036719999999999975	0.04370000000000002	0.04200000000000001	0.07408000000000001	0.08676	0.09810000000000002	0.10642000000000001	0.10305999999999998	0.12943999999999997	0.14064000000000002
E08	0.0023400000000000087	-0.016619999999999982	-0.026900000000000007	-0.034180000000000044	-0.03672	-0.03589999999999999	-0.035879999999999995	-0.035499999999999976	-0.03481999999999999	-0.03617999999999999	-0.034359999999999974	-0.03211999999999998	-0.03403999999999999	-0.032399999999999984	-0.03336000000000003	-0.033399999999999985	-0.030539999999999984	-0.029579999999999995	-0.028799999999999992	-0.026400000000000007	-0.02557999999999999	-0.023919999999999997	-0.022999999999999993	-0.017619999999999997	-0.020060000000000022	-0.014919999999999989	-0.01145999999999997	-0.008039999999999992	-0.011060000000000014	-0.004520000000000024	-0.001700000000000007	0.0019799999999999818	0.005340000000000039	0.010999999999999982	0.014479999999999993	0.01916000000000001	0.02682000000000001	0.03028	0.02696000000000001	0.04949999999999999	0.05660000000000001	0.06716	0.07144	0.07550000000000001	0.08922	0.09942000000000001
E09	-0.026359999999999995	-0.053120000000000014	-0.059399999999999994	-0.06728000000000003	-0.06842	-0.06799999999999998	-0.07198	-0.06689999999999999	-0.06452000000000001	-0.07678	-0.07645999999999997	-0.06552	-0.06544	-0.06859999999999998	-0.06826000000000002	-0.07039999999999998	-0.06683999999999998	-0.06578	-0.06869999999999998	-0.0751	-0.06797999999999998	-0.06742	-0.07719999999999999	-0.06612	-0.07925999999999996	-0.06772000000000002	-0.06695999999999998	-0.06434	-0.07776	-0.06621999999999999	-0.0677	-0.06672000000000002	-0.06625999999999997	-0.06720000000000001	-0.06822	-0.06764	-0.06578	-0.06632000000000002	-0.07683999999999999	-0.061700000000000005	-0.0645	-0.06183999999999999	-0.06476000000000001	-0.07049999999999998	-0.06518	-0.06577999999999996
E10	0.0027400000000000063	-0.018320000000000003	-0.02479999999999999	-0.024660000000000015	-0.027139999999999984	-0.026899999999999993	-0.03073999999999999	-0.022779999999999995	-0.020339999999999997	-0.024519999999999986	-0.02023999999999998	-0.013800000000000007	-0.020779999999999993	-0.02052000000000001	-0.019479999999999997	-0.020800000000000013	-0.01916000000000001	-0.01926	-0.01959999999999998	-0.018979999999999997	-0.01904	-0.02002000000000001	-0.021100000000000035	-0.017619999999999997	-0.02099999999999999	-0.018940000000000012	-0.018360000000000015	-0.01620000000000002	-0.02231999999999998	-0.017339999999999967	-0.018460000000000004	-0.01816000000000001	-0.01694000000000001	-0.018919999999999992	-0.018600000000000005	-0.019099999999999978	-0.01768	-0.01823999999999998	-0.021379999999999982	-0.016719999999999985	-0.01713999999999999	-0.014539999999999997	-0.015780000000000016	-0.018380000000000007	-0.015720000000000012	-0.01711999999999997
E11	-0.017	-0.033280000000000004	-0.036239999999999994	-0.03734	-0.03899999999999999	-0.04131999999999998	-0.045439999999999994	-0.041599999999999984	-0.040959999999999996	-0.04798000000000001	-0.04686000000000001	-0.039900000000000005	-0.04178	-0.04146	-0.043120000000000006	-0.043779999999999986	-0.04252	-0.04113999999999998	-0.04197999999999999	-0.04523999999999999	-0.043579999999999994	-0.04236000000000001	-0.047959999999999975	-0.041639999999999996	-0.048719999999999986	-0.04426000000000001	-0.042460000000000025	-0.04129999999999999	-0.047880000000000006	-0.04233999999999999	-0.0432	-0.042920000000000014	-0.04286000000000001	-0.043419999999999986	-0.043060000000000015	-0.04227999999999997	-0.042179999999999995	-0.04224	-0.04759999999999999	-0.039019999999999985	-0.03748	-0.038599999999999995	-0.04000000000000002	-0.04396000000000003	-0.039879999999999985	-0.041600000000000026
E12	-0.019240000000000007	-0.02754000000000001	-0.024279999999999996	-0.02600000000000001	-0.02421999999999999	-0.028759999999999994	-0.025139999999999996	-0.022379999999999983	-0.023320000000000007	-0.026560000000000028	-0.024080000000000032	-0.021739999999999995	-0.01836	-0.01976	-0.020020000000000024	-0.021419999999999995	-0.01966000000000001	-0.01815999999999998	-0.021880000000000024	-0.02639999999999998	-0.02284	-0.021400000000000002	-0.02657999999999998	-0.02378000000000001	-0.026379999999999987	-0.02252	-0.02117999999999999	-0.021779999999999994	-0.02738	-0.019519999999999982	-0.022360000000000005	-0.021820000000000006	-0.021599999999999994	-0.02242000000000001	-0.02304000000000002	-0.020659999999999998	-0.02192000000000001	-0.02256000000000001	-0.029119999999999993	-0.02163999999999998	-0.020300000000000012	-0.02171999999999999	-0.019560000000000008	-0.027079999999999993	-0.020460000000000006	-0.02108
F01	-0.00313999999999999	-0.014359999999999998	-0.022139999999999993	-0.021900000000000003	-0.022000000000000006	-0.020220000000000002	-0.01834000000000001	-0.019900000000000015	-0.01795999999999999	-0.019479999999999997	-0.01992000000000002	-0.012419999999999973	-0.015379999999999977	-0.01568	-0.015099999999999975	-0.015539999999999998	-0.009739999999999999	-0.009659999999999974	-0.007459999999999994	-0.003159999999999996	-0.00358	-0.0011199999999999821	0.0011400000000000299	0.003140000000000004	0.005140000000000006	0.01088	0.014540000000000025	0.01913999999999999	0.022460000000000008	0.030439999999999995	0.03254000000000001	0.04100000000000001	0.04633999999999999	0.056400000000000006	0.06340000000000001	0.07582000000000003	0.08604	0.09858	0.11706	0.14395999999999998	0.16002	0.1819	0.20096	0.2398	0.24228	0.26376
F02	-0.020439999999999993	-0.01876	-0.025940000000000005	-0.026300000000000004	-0.0267	-0.02642	-0.02664000000000001	-0.02850000000000001	-0.029959999999999987	-0.029679999999999998	-0.030920000000000017	-0.03121999999999997	-0.03537999999999998	-0.03608	-0.03639999999999999	-0.03884000000000001	-0.037040000000000003	-0.03735999999999998	-0.03436	-0.029959999999999987	-0.03508	-0.03431999999999999	-0.032159999999999994	-0.034859999999999974	-0.034159999999999996	-0.03562	-0.035259999999999986	-0.032560000000000006	-0.03314000000000002	-0.03456000000000002	-0.035960000000000006	-0.036299999999999985	-0.03716000000000001	-0.03509999999999999	-0.03609999999999999	-0.03648	-0.03535999999999999	-0.03561999999999997	-0.03404	-0.03504000000000003	-0.03548	-0.03269999999999998	-0.03584000000000001	-0.0316	-0.03372	-0.03434000000000001
F03	-0.006939999999999988	-0.022760000000000002	-0.02724	-0.029200000000000004	-0.027999999999999997	-0.021720000000000003	-0.026540000000000008	-0.021400000000000016	-0.017059999999999992	-0.023780000000000037	-0.023619999999999988	-0.014219999999999997	-0.017280000000000018	-0.01718	-0.019199999999999995	-0.01973999999999998	-0.02064000000000002	-0.019559999999999994	-0.01715999999999998	-0.02035999999999999	-0.017479999999999996	-0.017219999999999985	-0.02085999999999999	-0.016860000000000014	-0.02076	-0.018619999999999998	-0.01655999999999999	-0.016060000000000005	-0.020040000000000002	-0.01746000000000003	-0.017759999999999998	-0.01959999999999998	-0.018460000000000004	-0.016699999999999993	-0.016499999999999987	-0.015579999999999983	-0.01606000000000002	-0.01482	-0.01644000000000001	-0.014539999999999997	-0.015380000000000005	-0.011999999999999983	-0.015439999999999982	-0.016199999999999992	-0.015720000000000012	-0.01434000000000002
F04	-0.01643999999999999	-6.0000000000004494e-05	0.014259999999999995	0.018079999999999985	0.01665999999999998	0.018059999999999993	0.016240000000000004	0.015380000000000005	0.01572000000000004	0.01763999999999999	0.016719999999999985	0.013619999999999993	0.013420000000000015	0.015099999999999975	0.013899999999999996	0.015259999999999996	0.01605999999999999	0.01544000000000001	0.018840000000000023	0.013420000000000015	0.017719999999999986	0.015880000000000033	0.017380000000000007	0.015839999999999993	0.018359999999999987	0.017679999999999974	0.01780000000000001	0.01584000000000002	0.015939999999999982	0.01720000000000002	0.016500000000000015	0.01668	0.020159999999999983	0.01739999999999997	0.01727999999999999	0.015360000000000013	0.014479999999999993	0.016759999999999997	0.01577999999999999	0.014019999999999977	0.013860000000000011	0.012760000000000021	0.015119999999999995	0.011380000000000029	0.014660000000000006	0.01484000000000002
F05	-0.021639999999999993	0.0015399999999999858	0.00825999999999999	0.010179999999999995	0.009459999999999996	0.008959999999999996	0.010839999999999989	0.00878000000000001	0.009519999999999973	0.006739999999999996	0.007319999999999993	0.00961999999999999	0.011420000000000013	0.013000000000000012	0.011999999999999983	0.011359999999999981	0.012160000000000004	0.011940000000000006	0.01283999999999999	0.004820000000000019	0.01202000000000003	0.012880000000000003	0.008480000000000015	0.013840000000000019	0.009659999999999974	0.014579999999999982	0.014099999999999974	0.013140000000000013	0.008839999999999987	0.013300000000000034	0.014500000000000013	0.015079999999999982	0.016259999999999997	0.012599999999999972	0.014679999999999999	0.01186000000000001	0.010980000000000018	0.012160000000000004	0.007979999999999987	0.007919999999999983	0.008360000000000006	0.008360000000000006	0.01061999999999999	0.0030799999999999994	0.009759999999999991	0.011540000000000022
F06	-0.02309999999999999	-0.016280000000000017	-0.023499999999999965	-0.025819999999999982	-0.029839999999999978	-0.02592	-0.02176000000000003	-0.028219999999999995	-0.027600000000000013	-0.026640000000000025	-0.02606	-0.025979999999999975	-0.027999999999999997	-0.028719999999999996	-0.02914	-0.031279999999999974	-0.029380000000000017	-0.030079999999999996	-0.028679999999999983	-0.025239999999999957	-0.03059999999999999	-0.028560000000000002	-0.02534	-0.02942	-0.026079999999999992	-0.03054000000000001	-0.03136	-0.028839999999999977	-0.028260000000000007	-0.031219999999999998	-0.03136	-0.030480000000000007	-0.03317999999999999	-0.031180000000000013	-0.03286000000000003	-0.03186	-0.03237999999999999	-0.032539999999999986	-0.02799999999999997	-0.033940000000000026	-0.03352000000000002	-0.03062000000000001	-0.03164	-0.026660000000000017	-0.03298000000000001	-0.03138000000000002
F07	0.0025400000000000006	-0.03069999999999999	-0.042700000000000016	-0.0474	-0.05114000000000002	-0.04551999999999998	-0.04624	-0.04716000000000001	-0.04569999999999996	-0.047240000000000004	-0.048579999999999984	-0.04670000000000002	-0.049720000000000014	-0.050480000000000025	-0.05243999999999999	-0.05378000000000002	-0.05033999999999997	-0.050460000000000005	-0.04915999999999998	-0.04627999999999999	-0.05176	-0.05101999999999998	-0.04776	-0.04935999999999999	-0.04777999999999999	-0.051899999999999974	-0.05138000000000001	-0.04902000000000001	-0.05097999999999997	-0.04985999999999999	-0.050579999999999986	-0.051840000000000025	-0.05407999999999999	-0.05088000000000001	-0.051940000000000014	-0.05047999999999997	-0.051279999999999964	-0.0509	-0.050699999999999995	-0.04751999999999998	-0.04754	-0.04530000000000001	-0.04818	-0.04304000000000002	-0.04755999999999999	-0.04655999999999999
F08	-0.02235999999999999	-0.034420000000000006	-0.041800000000000004	-0.042480000000000004	-0.04391999999999999	-0.04019999999999997	-0.04808000000000001	-0.04149999999999998	-0.04151999999999999	-0.04597999999999999	-0.04396	-0.042719999999999994	-0.04234	-0.04200000000000001	-0.04236000000000001	-0.04369999999999999	-0.04133999999999999	-0.040179999999999993	-0.0403	-0.040700000000000014	-0.040080000000000005	-0.040919999999999956	-0.039699999999999985	-0.03942000000000001	-0.03816	-0.04021999999999998	-0.03975999999999996	-0.03874	-0.039360000000000034	-0.03952	-0.03879999999999997	-0.040819999999999995	-0.04006000000000001	-0.03830000000000003	-0.03952	-0.03994	-0.03948000000000003	-0.03811999999999999	-0.03974	-0.03620000000000001	-0.03609999999999999	-0.03494	-0.03756000000000001	-0.03469999999999998	-0.03717999999999999	-0.03727999999999998
F09	-0.0015199999999999936	-0.017839999999999995	-0.02248	-0.023239999999999997	-0.022359999999999977	-0.024419999999999983	-0.02062	-0.01706000000000002	-0.010819999999999996	-0.011360000000000009	-0.011080000000000007	-0.009739999999999999	-0.011440000000000006	-0.01162000000000002	-0.013179999999999997	-0.01333999999999999	-0.010580000000000034	-0.007619999999999988	-0.007599999999999996	-0.004600000000000021	-0.007759999999999989	-0.006980000000000014	0.0012599999999999834	-0.0020799999999999985	0.005739999999999995	0.0035600000000000354	0.007640000000000036	0.011679999999999996	0.023139999999999994	0.02198	0.02395999999999998	0.029939999999999994	0.03653999999999999	0.04375999999999999	0.05371999999999999	0.058880000000000016	0.06867999999999999	0.07981999999999997	0.10166	0.12006000000000003	0.13526	0.14918000000000003	0.1675	0.21383999999999997	0.20818000000000003	0.2247
F10	-0.015359999999999999	-0.021820000000000006	-0.019839999999999997	-0.01859999999999999	-0.019600000000000006	-0.023919999999999983	-0.026479999999999976	-0.023139999999999994	-0.022860000000000005	-0.026759999999999978	-0.023959999999999995	-0.023779999999999996	-0.02306000000000001	-0.020160000000000025	-0.020899999999999988	-0.021879999999999997	-0.020439999999999986	-0.019539999999999988	-0.019899999999999987	-0.02191999999999998	-0.021619999999999986	-0.023080000000000003	-0.021499999999999964	-0.021300000000000013	-0.022759999999999975	-0.022640000000000007	-0.021319999999999992	-0.02135999999999999	-0.021919999999999995	-0.021059999999999995	-0.022300000000000014	-0.023279999999999995	-0.020480000000000012	-0.02220000000000001	-0.02088000000000001	-0.0223	-0.020879999999999996	-0.021079999999999988	-0.022699999999999998	-0.021259999999999987	-0.021019999999999997	-0.01944	-0.021279999999999966	-0.021339999999999984	-0.02168000000000002	-0.021939999999999987
F11	0.010279999999999997	0.010400000000000006	0.010819999999999996	0.010659999999999975	0.01040000000000002	0.008199999999999985	0.0024399999999999977	0.008719999999999978	0.009800000000000003	0.005740000000000023	0.007859999999999978	0.011899999999999994	0.016120000000000023	0.019079999999999986	0.018319999999999975	0.01938000000000001	0.020699999999999996	0.021639999999999993	0.02300000000000002	0.021960000000000007	0.026340000000000002	0.02691999999999997	0.02665999999999999	0.031100000000000017	0.030360000000000026	0.03592000000000001	0.03818000000000002	0.04178000000000001	0.04308000000000001	0.046780000000000016	0.04708000000000001	0.04916000000000001	0.05397999999999997	0.055040000000000006	0.05814	0.059319999999999984	0.06223999999999999	0.0637	0.06548000000000001	0.07042000000000001	0.07296000000000002	0.07666	0.07980000000000001	0.08442	0.08714000000000002	0.08848
F12	-0.016220000000000012	-0.0281	-0.03028	-0.028240000000000015	-0.029299999999999993	-0.0325	-0.03485999999999999	-0.03258000000000001	-0.03130000000000001	-0.034759999999999985	-0.035040000000000016	-0.0315	-0.030579999999999982	-0.030020000000000005	-0.031180000000000027	-0.03131999999999999	-0.03160000000000002	-0.03005999999999999	-0.03159999999999999	-0.032039999999999985	-0.033159999999999995	-0.03258000000000001	-0.03444000000000001	-0.033399999999999985	-0.03593999999999997	-0.032780000000000004	-0.03201999999999999	-0.030420000000000003	-0.03431999999999999	-0.03151999999999999	-0.03272	-0.033339999999999995	-0.03382000000000002	-0.03326	-0.03316000000000001	-0.03218000000000003	-0.03216000000000002	-0.0324	-0.03541999999999998	-0.03427999999999998	-0.03433999999999998	-0.032839999999999994	-0.03329999999999998	-0.032380000000000006	-0.03405999999999999	-0.03362
G01	-0.0028399999999999953	-0.010959999999999998	-0.01654	-0.01419999999999999	-0.017	-0.01632	-0.017240000000000005	-0.017000000000000015	-0.01555999999999999	-0.018680000000000002	-0.016720000000000013	-0.015319999999999973	-0.012179999999999996	-0.011780000000000013	-0.013899999999999996	-0.014040000000000025	-0.011539999999999995	-0.012059999999999987	-0.012160000000000004	-0.013759999999999994	-0.012679999999999997	-0.012419999999999987	-0.014660000000000006	-0.013559999999999989	-0.01405999999999999	-0.010419999999999985	-0.009959999999999969	-0.01236000000000001	-0.013540000000000024	-0.011160000000000031	-0.01236000000000001	-0.010199999999999987	-0.012760000000000021	-0.012399999999999994	-0.012800000000000006	-0.01197999999999999	-0.012159999999999976	-0.012119999999999964	-0.014140000000000014	-0.01104000000000005	-0.01038	-0.010999999999999982	-0.00964000000000001	-0.013300000000000006	-0.012119999999999992	-0.012040000000000023
G02	-0.0025400000000000006	-0.00476	-0.008940000000000003	-0.009700000000000014	-0.010899999999999993	-0.011319999999999997	-0.006840000000000013	-0.010300000000000004	-0.011959999999999998	-0.006480000000000041	-0.006519999999999998	-0.00911999999999999	-0.012380000000000002	-0.012880000000000003	-0.014099999999999974	-0.013839999999999991	-0.009239999999999998	-0.009059999999999985	-0.006359999999999977	-0.0004599999999999882	-0.0048799999999999955	-0.002119999999999983	0.00034000000000000696	-0.00136	0.0014399999999999968	0.0017800000000000038	0.004040000000000016	0.005339999999999984	0.0066599999999999715	0.007039999999999991	0.008539999999999992	0.011600000000000027	0.01233999999999999	0.014400000000000024	0.0174	0.02202000000000004	0.025139999999999996	0.02937999999999999	0.03855999999999998	0.040559999999999985	0.04482	0.04970000000000002	0.05436000000000002	0.0698	0.062079999999999996	0.06625999999999999
G03	-0.028939999999999994	-0.03816	-0.040940000000000004	-0.04000000000000001	-0.0398	-0.03942	-0.040040000000000006	-0.03910000000000001	-0.03695999999999999	-0.04148	-0.042219999999999994	-0.03441999999999999	-0.03818000000000002	-0.03778000000000001	-0.03979999999999999	-0.04003999999999998	-0.03924000000000001	-0.03775999999999999	-0.034560000000000035	-0.038659999999999986	-0.03448	-0.03421999999999999	-0.039959999999999996	-0.03476000000000003	-0.040459999999999996	-0.034019999999999995	-0.03506000000000001	-0.033459999999999976	-0.040340000000000015	-0.03446000000000002	-0.03536	-0.03469999999999998	-0.03586	-0.03340000000000001	-0.0345	-0.033379999999999965	-0.03456000000000001	-0.03352000000000001	-0.03734000000000001	-0.031140000000000015	-0.03128	-0.02979999999999998	-0.032140000000000016	-0.0348	-0.029920000000000002	-0.031640000000000015
G04	0.003599999999999992	-0.011940000000000006	-0.015520000000000006	-0.019800000000000026	-0.020419999999999994	-0.021460000000000007	-0.016939999999999983	-0.020459999999999992	-0.017200000000000007	-0.01854000000000003	-0.019699999999999995	-0.012679999999999997	-0.014380000000000004	-0.01508000000000001	-0.013540000000000024	-0.012459999999999971	-0.011420000000000013	-0.008580000000000004	-0.006440000000000029	-0.003380000000000022	-0.0015799999999999703	0.004359999999999975	0.0022600000000000398	0.010260000000000019	0.01040000000000002	0.018579999999999985	0.022400000000000003	0.03011999999999998	0.029939999999999994	0.04064000000000001	0.048000000000000015	0.05770000000000003	0.06844000000000003	0.07691999999999999	0.08937999999999999	0.09756000000000001	0.11429999999999998	0.13151999999999997	0.13593999999999998	0.189	0.20870000000000002	0.22526000000000002	0.25350000000000006	0.27338000000000007	0.31638	0.34787999999999997
G05	-0.02713999999999999	-0.032060000000000005	-0.038839999999999986	-0.03932000000000001	-0.041440000000000005	-0.03864000000000001	-0.04326000000000001	-0.039819999999999994	-0.037580000000000016	-0.04536	-0.042480000000000004	-0.03658	-0.03798	-0.0383	-0.03859999999999998	-0.04014000000000002	-0.03954000000000002	-0.037860000000000005	-0.03796000000000002	-0.04127999999999998	-0.038180000000000006	-0.03712	-0.042719999999999994	-0.036660000000000026	-0.04204000000000001	-0.03651999999999998	-0.03680000000000001	-0.03545999999999999	-0.04176000000000002	-0.03749999999999998	-0.03570000000000002	-0.03692000000000001	-0.03784	-0.036900000000000016	-0.03802000000000001	-0.03663999999999999	-0.03652000000000001	-0.03674000000000001	-0.043620000000000006	-0.03677999999999999	-0.03584000000000001	-0.03603999999999999	-0.03608	-0.04302	-0.03484000000000001	-0.03645999999999999
G06	-0.024339999999999994	-0.04456	-0.052140000000000006	-0.055520000000000014	-0.05503999999999998	-0.05234000000000001	-0.05316	-0.05331999999999999	-0.04937999999999999	-0.05896	-0.05598	-0.04787999999999999	-0.04768	-0.04970000000000001	-0.049999999999999975	-0.05164000000000002	-0.05184	-0.04986	-0.04906000000000002	-0.055879999999999985	-0.05098000000000001	-0.04822	-0.05832	-0.04776	-0.05633999999999999	-0.04792000000000002	-0.04820000000000001	-0.046259999999999996	-0.05626000000000002	-0.04959999999999998	-0.04770000000000002	-0.048719999999999986	-0.05054	-0.04909999999999999	-0.05051999999999998	-0.047939999999999997	-0.04772000000000001	-0.04954	-0.05562	-0.04958000000000001	-0.04954	-0.04663999999999999	-0.04768	-0.051719999999999974	-0.04823999999999998	-0.049259999999999984
G07	-0.02679999999999999	-0.05198000000000001	-0.06040000000000001	-0.06502000000000001	-0.06554000000000001	-0.059719999999999995	-0.06405999999999996	-0.06062000000000001	-0.05940000000000001	-0.06584000000000001	-0.06446	-0.058279999999999985	-0.059600000000000014	-0.06142	-0.06164	-0.06308000000000004	-0.06148000000000001	-0.06108000000000001	-0.06068	-0.06153999999999997	-0.061799999999999994	-0.05986000000000001	-0.06434	-0.05932	-0.06377999999999999	-0.06024	-0.05955999999999999	-0.057739999999999986	-0.06476000000000001	-0.06142	-0.05855999999999999	-0.06218	-0.06298000000000002	-0.061779999999999974	-0.06286000000000003	-0.06005999999999999	-0.05887999999999999	-0.06164	-0.06319999999999998	-0.06084000000000002	-0.06062000000000002	-0.057819999999999996	-0.05974	-0.05795999999999997	-0.06047999999999999	-0.06108000000000002
G08	-0.0005399999999999988	-0.02990000000000001	-0.04175999999999999	-0.04573999999999999	-0.042479999999999976	-0.03941999999999998	-0.03759999999999998	-0.04222000000000001	-0.040340000000000015	-0.03436	-0.03123999999999999	-0.030619999999999994	-0.030820000000000014	-0.027140000000000025	-0.027719999999999995	-0.02501999999999996	-0.02121999999999999	-0.021259999999999973	-0.01754	-0.008380000000000026	-0.017219999999999985	-0.011880000000000002	-0.002840000000000009	-0.005159999999999998	0.00787999999999997	0.0021800000000000153	0.007580000000000003	0.013039999999999996	0.029599999999999987	0.022900000000000004	0.03195999999999999	0.036879999999999996	0.04518	0.05443999999999999	0.061939999999999995	0.07386000000000001	0.08988000000000002	0.09902	0.14286	0.14686000000000002	0.15777999999999998	0.17604000000000003	0.18364000000000003	0.22873999999999997	0.21645999999999999	0.23109999999999997
G09	-0.027259999999999993	-0.04272000000000001	-0.038239999999999996	-0.03699999999999999	-0.036000000000000004	-0.03661999999999997	-0.05427999999999998	-0.03413999999999999	-0.03276	-0.053159999999999985	-0.053459999999999994	-0.03698	-0.03536	-0.035960000000000006	-0.03559999999999998	-0.03577999999999999	-0.03413999999999999	-0.034939999999999985	-0.031799999999999995	-0.05251999999999998	-0.03462	-0.034780000000000005	-0.04979999999999997	-0.034900000000000014	-0.051359999999999975	-0.03464000000000002	-0.035019999999999996	-0.03485999999999999	-0.053419999999999995	-0.03376	-0.03430000000000001	-0.03538000000000002	-0.03488000000000001	-0.033500000000000016	-0.035080000000000014	-0.034999999999999976	-0.03518	-0.03377999999999999	-0.05000000000000002	-0.033259999999999984	-0.035519999999999996	-0.03423999999999999	-0.03457999999999996	-0.044939999999999994	-0.033979999999999996	-0.035140000000000005
G10	-0.020459999999999992	-0.03562	-0.03444	-0.034199999999999994	-0.033500000000000016	-0.03411999999999997	-0.04077999999999997	-0.03563999999999999	-0.03336	-0.04075999999999998	-0.038459999999999994	-0.03128	-0.02996	-0.030660000000000034	-0.03279999999999998	-0.03177999999999999	-0.03163999999999999	-0.03173999999999998	-0.03	-0.03811999999999999	-0.030719999999999997	-0.032979999999999995	-0.03919999999999997	-0.0316	-0.03985999999999998	-0.03044000000000001	-0.03181999999999999	-0.030159999999999992	-0.039819999999999994	-0.03005999999999999	-0.029100000000000015	-0.03128	-0.030680000000000013	-0.02890000000000001	-0.030380000000000004	-0.029800000000000007	-0.030380000000000004	-0.029279999999999987	-0.0379	-0.02765999999999999	-0.030120000000000008	-0.029439999999999994	-0.029879999999999962	-0.035739999999999994	-0.028880000000000017	-0.030139999999999986
G11	-0.019859999999999996	-0.02262	-0.02774	-0.022499999999999992	-0.023400000000000018	-0.02591999999999997	-0.03247999999999998	-0.02443999999999999	-0.02256000000000001	-0.032759999999999984	-0.029359999999999997	-0.023080000000000003	-0.01716000000000001	-0.01886000000000003	-0.021999999999999978	-0.018979999999999997	-0.019039999999999987	-0.01973999999999998	-0.01759999999999999	-0.027919999999999986	-0.019119999999999998	-0.02058	-0.02849999999999997	-0.019100000000000006	-0.02645999999999997	-0.01754	-0.019519999999999996	-0.017759999999999984	-0.02561999999999999	-0.017859999999999987	-0.017000000000000015	-0.018479999999999996	-0.017580000000000012	-0.0169	-0.017780000000000018	-0.017699999999999994	-0.019879999999999995	-0.01737999999999998	-0.025300000000000003	-0.015460000000000002	-0.017420000000000005	-0.01723999999999999	-0.01627999999999996	-0.026139999999999983	-0.015480000000000022	-0.01733999999999998
G12	-0.0008200000000000013	-0.007199999999999998	-0.007179999999999992	-0.012340000000000018	-0.009099999999999983	-0.005100000000000007	-0.004360000000000003	-0.0047800000000000065	-0.004500000000000004	-0.005759999999999987	-0.00384000000000001	-0.004399999999999973	-0.0028799999999999937	-0.003620000000000012	-0.0047800000000000065	-0.003720000000000001	-0.0050000000000000044	-0.0037599999999999856	-0.004799999999999999	-0.005339999999999984	-0.0045600000000000085	-0.003080000000000027	-0.0061400000000000066	-0.004699999999999982	-0.0038399999999999823	-0.0029800000000000104	-0.0043199999999999905	-0.0032200000000000006	-0.0022199999999999998	-0.004619999999999985	-0.0036199999999999843	-0.004339999999999983	-0.004820000000000019	-0.0045600000000000085	-0.004360000000000003	-0.0028800000000000214	-0.004160000000000025	-0.003400000000000014	-0.004119999999999985	-0.0005799999999999694	0.00016000000000002124	-0.0013400000000000079	-0.0013999999999999846	-0.00017999999999998573	-0.0022599999999999842	-0.0027199999999999724
H01	-0.013739999999999988	-0.023459999999999995	-0.023040000000000005	-0.022900000000000004	-0.0266	-0.023819999999999994	-0.026040000000000008	-0.020400000000000015	-0.025459999999999997	-0.024880000000000027	-0.023619999999999988	-0.023419999999999996	-0.024380000000000013	-0.024180000000000007	-0.02679999999999999	-0.02733999999999999	-0.02284	-0.02585999999999998	-0.023159999999999986	-0.026759999999999992	-0.024679999999999994	-0.02592	-0.02506	-0.02836000000000001	-0.026759999999999992	-0.025319999999999995	-0.025659999999999974	-0.027660000000000004	-0.02604000000000002	-0.02526000000000002	-0.026459999999999997	-0.02479999999999999	-0.02976000000000001	-0.027999999999999983	-0.027700000000000002	-0.026079999999999978	-0.03296	-0.026720000000000008	-0.02954000000000001	-0.026940000000000006	-0.025580000000000006	-0.034499999999999975	-0.029039999999999982	-0.0345	-0.028620000000000007	-0.030740000000000017
H02	-0.01843999999999999	-0.014359999999999998	-0.016640000000000002	-0.015399999999999997	-0.016	-0.015519999999999992	-0.020240000000000008	-0.012400000000000022	-0.016859999999999986	-0.018480000000000024	-0.018119999999999997	-0.016420000000000004	-0.01608000000000001	-0.017280000000000018	-0.019099999999999978	-0.018339999999999995	-0.016640000000000016	-0.02085999999999999	-0.018360000000000043	-0.01945999999999999	-0.019479999999999997	-0.020019999999999996	-0.018359999999999987	-0.02216	-0.019460000000000033	-0.02121999999999999	-0.019559999999999994	-0.021960000000000007	-0.019440000000000013	-0.021760000000000015	-0.02076	-0.021899999999999975	-0.024560000000000012	-0.02259999999999998	-0.021900000000000003	-0.021179999999999977	-0.024560000000000012	-0.02102000000000001	-0.018740000000000007	-0.02084000000000001	-0.019479999999999997	-0.02119999999999997	-0.021540000000000004	-0.0199	-0.019920000000000007	-0.021040000000000017
H03	-0.019000000000000003	-0.03154000000000001	-0.029620000000000007	-0.03180000000000002	-0.03151999999999999	-0.033659999999999995	-0.030339999999999992	-0.035259999999999986	-0.03860000000000001	-0.03313999999999999	-0.03349999999999999	-0.037979999999999986	-0.04058000000000002	-0.04238	-0.04164000000000001	-0.04225999999999998	-0.04032000000000002	-0.04117999999999997	-0.03954000000000002	-0.035080000000000014	-0.04127999999999998	-0.039740000000000025	-0.03723999999999997	-0.04044000000000002	-0.038699999999999984	-0.040420000000000025	-0.039800000000000016	-0.03777999999999998	-0.03835999999999999	-0.03825999999999999	-0.03889999999999999	-0.040199999999999986	-0.03895999999999998	-0.039580000000000004	-0.04002	-0.03853999999999999	-0.038300000000000015	-0.03838000000000001	-0.03905999999999997	-0.034399999999999986	-0.03459999999999998	-0.031939999999999996	-0.037099999999999994	-0.035220000000000015	-0.034720000000000015	-0.03612
H04	0.006999999999999992	-0.007840000000000014	-0.014920000000000017	-0.019500000000000017	-0.02302	-0.024059999999999998	-0.021939999999999987	-0.029459999999999986	-0.031000000000000014	-0.026639999999999983	-0.02449999999999998	-0.03137999999999999	-0.031180000000000013	-0.03508	-0.03374000000000002	-0.03335999999999997	-0.03512000000000001	-0.03357999999999997	-0.03464000000000002	-0.024880000000000013	-0.03437999999999998	-0.033440000000000025	-0.026939999999999978	-0.03414000000000002	-0.027399999999999994	-0.033620000000000025	-0.03320000000000001	-0.02987999999999999	-0.027259999999999993	-0.03195999999999999	-0.0319	-0.03329999999999998	-0.03455999999999998	-0.03408000000000001	-0.03422	-0.032839999999999994	-0.030900000000000025	-0.03278000000000002	-0.031459999999999974	-0.03209999999999999	-0.031599999999999975	-0.030939999999999995	-0.03349999999999999	-0.02782000000000001	-0.03142000000000002	-0.032420000000000004
H05	0.002699999999999994	-0.011340000000000003	-0.020720000000000016	-0.024200000000000013	-0.02792	-0.024959999999999996	-0.025239999999999985	-0.021459999999999993	-0.02170000000000001	-0.022739999999999982	-0.019399999999999973	-0.015979999999999994	-0.015480000000000022	-0.016280000000000017	-0.01484000000000002	-0.016360000000000013	-0.012220000000000009	-0.01097999999999999	-0.009340000000000015	-0.007780000000000009	-0.004180000000000017	0.0012599999999999834	0.0009599999999999886	0.005959999999999993	0.007200000000000012	0.016979999999999967	0.020299999999999985	0.026619999999999977	0.02693999999999999	0.03764000000000001	0.04370000000000002	0.05009999999999998	0.05884000000000003	0.06872	0.07957999999999998	0.09416	0.10899999999999996	0.12341999999999997	0.12564	0.1728	0.1955	0.22496	0.25170000000000003	0.27008	0.31948	0.35348
H06	0.010460000000000011	-0.023260000000000003	-0.01654	-0.03442000000000002	-0.03364	-0.029440000000000008	-0.02756	-0.03061999999999998	-0.02898000000000002	-0.03086	-0.02978	-0.02457999999999999	-0.024680000000000007	-0.027900000000000008	-0.024899999999999978	-0.02644000000000002	-0.02393999999999999	-0.022160000000000013	-0.020560000000000023	-0.016979999999999967	-0.018380000000000007	-0.015220000000000011	-0.009919999999999984	-0.007960000000000023	-0.003740000000000021	-0.0009200000000000041	0.002999999999999975	0.006940000000000002	0.015139999999999987	0.015300000000000036	0.020299999999999985	0.024780000000000024	0.029359999999999997	0.03569999999999998	0.04397999999999999	0.05336000000000002	0.06348000000000001	0.06916	0.08808000000000002	0.10812	0.11775999999999998	0.13166000000000003	0.14171999999999998	0.18167999999999998	0.16726	0.17434
H07	-0.004559999999999995	-0.03649999999999999	-0.04057999999999998	-0.03888	-0.04038	-0.03644	-0.039799999999999974	-0.034280000000000005	-0.03379999999999998	-0.03842000000000001	-0.034280000000000005	-0.03120000000000002	-0.032200000000000006	-0.034840000000000024	-0.03385999999999999	-0.03462000000000001	-0.030620000000000022	-0.030319999999999986	-0.030079999999999996	-0.02704000000000001	-0.028479999999999978	-0.02692	-0.025480000000000003	-0.02257999999999999	-0.02248	-0.01746000000000003	-0.014060000000000017	-0.010720000000000007	-0.009759999999999991	-0.004820000000000019	-0.00020000000000000573	0.001779999999999976	0.00632000000000002	0.011679999999999996	0.014980000000000021	0.023160000000000014	0.028980000000000034	0.035	0.04420000000000002	0.05832000000000001	0.06743999999999997	0.07930000000000001	0.08822000000000002	0.10717999999999997	0.11237999999999998	0.12310000000000001
H08	-0.014659999999999992	-0.027920000000000014	-0.023879999999999985	-0.02235999999999999	-0.019360000000000002	-0.02152000000000001	-0.025539999999999993	-0.019420000000000007	-0.021720000000000003	-0.021859999999999977	-0.02525999999999999	-0.01962	-0.019119999999999998	-0.018959999999999977	-0.02037999999999998	-0.02144	-0.017020000000000007	-0.02003999999999996	-0.019919999999999993	-0.02486000000000002	-0.0203	-0.02081999999999999	-0.026119999999999977	-0.02044	-0.028459999999999985	-0.02008000000000003	-0.02013999999999999	-0.020040000000000016	-0.025340000000000015	-0.01877999999999999	-0.019320000000000004	-0.020700000000000024	-0.019059999999999994	-0.017640000000000003	-0.021600000000000008	-0.019600000000000006	-0.019420000000000007	-0.019020000000000023	-0.023939999999999975	-0.013060000000000002	-0.014620000000000022	-0.014240000000000003	-0.015459999999999988	-0.020179999999999976	-0.013640000000000013	-0.014520000000000019
H09	-0.01945999999999999	-0.02922000000000001	-0.031039999999999998	-0.035199999999999995	-0.03530000000000001	-0.03762	-0.04357999999999998	-0.03653999999999999	-0.03666	-0.04305999999999997	-0.04415999999999999	-0.036379999999999996	-0.03456000000000001	-0.03636	-0.03369999999999998	-0.034879999999999994	-0.03043999999999998	-0.032039999999999985	-0.03199999999999999	-0.039519999999999986	-0.03151999999999999	-0.032880000000000006	-0.03699999999999998	-0.032600000000000004	-0.03865999999999997	-0.030640000000000014	-0.03051999999999999	-0.02955999999999999	-0.03802	-0.029359999999999997	-0.03040000000000001	-0.030680000000000027	-0.03148000000000001	-0.02990000000000001	-0.03198000000000001	-0.031199999999999978	-0.029179999999999998	-0.028179999999999983	-0.03760000000000001	-0.029459999999999986	-0.029320000000000027	-0.02733999999999999	-0.030079999999999968	-0.03453999999999999	-0.028180000000000024	-0.028839999999999977
H10	0.0009400000000000103	-0.01322000000000001	-0.01364	-0.015099999999999988	-0.016500000000000015	-0.015519999999999978	-0.014479999999999965	-0.01333999999999999	-0.010860000000000009	-0.013759999999999967	-0.008860000000000007	-0.007780000000000009	-0.0021599999999999953	-0.002960000000000018	-0.0022999999999999687	-0.001480000000000009	-3.999999999998449e-05	0.0020600000000000063	0.0024000000000000132	0.003980000000000011	0.005080000000000001	0.005319999999999991	0.012000000000000038	0.010800000000000004	0.014040000000000025	0.018559999999999993	0.024980000000000002	0.030740000000000017	0.03558	0.04154000000000002	0.04729999999999998	0.05492	0.060319999999999985	0.07369999999999999	0.08592	0.09609999999999999	0.11122000000000001	0.12392000000000003	0.1306	0.17694000000000001	0.19068000000000002	0.21516000000000002	0.23012000000000005	0.24236000000000002	0.29052	0.31306
H11	0.00044000000000000983	-0.020920000000000008	-0.030240000000000003	-0.03509999999999999	-0.03760000000000001	-0.03401999999999998	-0.03137999999999998	-0.03793999999999999	-0.03556000000000001	-0.03545999999999998	-0.036559999999999995	-0.03758	-0.03776	-0.03886000000000003	-0.03949999999999998	-0.03917999999999999	-0.038839999999999986	-0.03943999999999999	-0.03929999999999999	-0.03491999999999998	-0.036419999999999994	-0.03498	-0.03389999999999997	-0.0345	-0.03505999999999998	-0.03584000000000001	-0.03441999999999999	-0.03295999999999999	-0.035019999999999996	-0.034659999999999996	-0.03470000000000001	-0.03448	-0.03648000000000001	-0.034600000000000006	-0.036180000000000004	-0.03620000000000001	-0.03337999999999999	-0.035479999999999984	-0.036400000000000016	-0.032759999999999984	-0.034820000000000004	-0.031039999999999998	-0.03507999999999996	-0.032039999999999985	-0.03328000000000002	-0.03323999999999998
H12	0.007740000000000011	-0.02592	-0.0013400000000000079	0.010200000000000015	0.011499999999999982	0.012180000000000024	0.0031200000000000394	0.027359999999999995	0.01904	0.013140000000000013	0.01333999999999999	0.028219999999999995	0.03323999999999999	0.03833999999999996	0.03670000000000001	0.039220000000000005	0.05486000000000002	0.055560000000000026	0.06340000000000001	0.046880000000000005	0.06318000000000001	0.06872	0.05550000000000002	0.0648	0.050340000000000024	0.06805999999999998	0.07248000000000002	0.07354000000000002	0.06268000000000001	0.07804	0.08209999999999998	0.08052000000000001	0.08351999999999998	0.08379999999999999	0.08412	0.0842	0.08292	0.08552000000000001	0.07299999999999998	0.08304	0.08327999999999999	0.08506	0.08672000000000005	0.07326000000000002	0.08591999999999997	0.08216000000000001
