Sample_ID	Well	Plate_ID	Group	Control	Flag	OD_Baseline	OD_Min	OD_Max	OD_Emp_AUC	Fold_Change	OD_Offset	MSE	dx_auc_lin	dx_auc_log	dx_k_lin	dx_k_log	dx_t_k	dx_gr	dx_dr	dx_td	dx_t_gr	dx_t_dr	dx_death_lin	dx_death_log	dx_lagC	dx_lagP	dx_t0	dx_tf	K_Error > 20%
1	A2	20241010_hplc_growth_experiment	1	0	0	0.1557333333333333	-0.03549999999999999	1.4743	3.7957944444444442		0.20396666666666663	0.07859639436564823	1.7415536883273326	0.9805402408350727	2.590620708475967	1.2783250868517535	1.3333333333333333	1.670682898574287	-0.2644993388120263	0.4148885351920806	0.6666666666666666	1.3333333333333333	0.0	0.0	0.2766032609465784	0.0	0.0	1.5	FALSE
1	A2	20241010_hplc_growth_experiment	1	0	0	0.1557333333333333	-0.03549999999999999	1.4743	3.7957944444444442		0.20396666666666663	0.07859639436564823	-0.15546465261471415	-0.18526086005814366	0.18707291662649128	0.17149054308075162	3.0	0.7123070994932349	0.3827026066940547	0.9731016033015524	2.5	3.0	0.0	0.0	2.67874772179644	1.5	1.5	3.1666666666666665	FALSE
1	A2	20241010_hplc_growth_experiment	1	0	0	0.1557333333333333	-0.03549999999999999	1.4743	3.7957944444444442		0.20396666666666663	0.07859639436564823	-0.21863522057220264	-1.1461986164590612	0.7908134451810376	0.5826699552753174	4.333333333333333	0.9283961658370675	-3.238420286467516	0.7466071124227281	5.833333333333333	5.0	1.6300646976051605	2.4105826622999236	7.8022263278197	3.1666666666666665	3.1666666666666665	6.0	FALSE
2	A3	20241010_hplc_growth_experiment	1	0	0	0.14433333333333334	0.13410000000000002	1.8314666666666668	5.35671111111111		0.14433333333333334	0.0006376388201304731	2.2508627486929385	0.9272182179553292	5.9698354183036875	1.941591611624733	1.1666666666666667	3.928365999242331	-0.1615077471623854	0.17644669073442584	0.8333333333333334	1.1666666666666667	0.0	0.0	0.5512226506821045	0.0	0.0	1.3333333333333333	FALSE
2	A3	20241010_hplc_growth_experiment	1	0	0	0.14433333333333334	0.13410000000000002	1.8314666666666668	5.35671111111111		0.14433333333333334	0.0006376388201304731	-0.5665268691373582	-0.7423780794358983	0.0	0.0	1.3333333333333333	0.8321956121666108	-2.6219986543875016	0.832913765016551	2.0	1.5	0.0	0.0	2.77562310157031	1.8333333333333333	1.3333333333333333	3.0	FALSE
2	A3	20241010_hplc_growth_experiment	1	0	0	0.14433333333333334	0.13410000000000002	1.8314666666666668	5.35671111111111		0.14433333333333334	0.0006376388201304731	2.2210352876861403	1.555377833172391	1.4719473755689871	0.9050062511685995	5.833333333333333	0.4610601054021351	0.2929183804869306	1.5033770487589349	3.5	5.833333333333333	0.0	0.0	3.013825321879984	3.0	3.0	6.0	FALSE
4	A5	20241010_hplc_growth_experiment	1	0	0	0.15723333333333336	0.14433333333333334	1.8160333333333332	5.2469		0.15723333333333336	0.0007330525705403864	1.6459587961305986	0.7482827816464248	4.637142511433194	1.7293772902120472	1.1666666666666667	3.709075180605095	0.18494340248587943	0.18687870879092452	0.8333333333333334	1.1666666666666667	0.0	0.0	0.5935210581363147	0.0	0.0	1.3333333333333333	FALSE
4	A5	20241010_hplc_growth_experiment	1	0	0	0.15723333333333336	0.14433333333333334	1.8160333333333332	5.2469		0.15723333333333336	0.0007330525705403864	-0.3741583810719933	-0.5545340916503705	0.4041425202781679	0.339426810621446	3.8333333333333335	0.9004467550474047	0.41302275053177695	0.7697814186952721	2.0	3.8333333333333335	0.0	0.0	2.6923406227244544	1.8333333333333333	1.3333333333333333	4.0	FALSE
4	A5	20241010_hplc_growth_experiment	1	0	0	0.15723333333333336	0.14433333333333334	1.8160333333333332	5.2469		0.15723333333333336	0.0007330525705403864	0.6229988117395484	0.5215810904281563	0.6341949585401869	0.4911503029925861	5.833333333333333	0.3607965323058355	0.26699907341342144	1.9211581001903502	4.0	5.833333333333333	0.0	0.0	4.0	4.0	4.0	6.0	FALSE
5	A6	20241010_hplc_growth_experiment	1	0	0	0.15813333333333335	0.13853333333333331	1.8108333333333333	5.1640999999999995		0.15813333333333335	0.00028409946304391176	1.6251251752215872	0.7187108767070363	4.632765307501953	1.7286004951891116	1.1666666666666667	3.9069499834507875	-0.15661874903052694	0.17741388640653333	0.8333333333333334	1.1666666666666667	0.0	0.0	0.6071954419194276	0.0	0.0	1.3333333333333333	FALSE
5	A6	20241010_hplc_growth_experiment	1	0	0	0.15813333333333335	0.13853333333333331	1.8108333333333333	5.1640999999999995		0.15813333333333335	0.00028409946304391176	-0.35507848688605903	-0.5137069483755939	0.37888190924710496	0.3212729600805351	3.6666666666666665	0.7471796849285024	0.4039131343186386	0.9276847250287226	2.0	3.6666666666666665	0.0	0.0	2.739232780526123	1.8333333333333333	1.3333333333333333	3.8333333333333335	FALSE
5	A6	20241010_hplc_growth_experiment	1	0	0	0.15813333333333335	0.13853333333333331	1.8108333333333333	5.1640999999999995		0.15813333333333335	0.00028409946304391176	0.8133351762314813	0.660866187478454	0.7285536442032725	0.5472850150170097	5.833333333333333	0.41229966176688737	0.365135053488238	1.6811732941751671	4.333333333333333	5.833333333333333	0.0	0.0	3.884462222491522	3.8333333333333335	3.8333333333333335	6.0	FALSE
7	A8	20241010_hplc_growth_experiment	1	0	0	0.14793333333333336	0.14403333333333332	1.7758333333333334	5.140599999999999		0.14793333333333336	0.0005093041483612153	8.152588574204074	3.784691518869836	4.898848596804211	1.7747571787828007	3.5	3.5687372187991624	0.4715393211034121	0.19422757632829604	0.8333333333333334	3.5	0.0	0.0	0.5343764615648574	0.0	0.0	3.6666666666666665	FALSE
7	A8	20241010_hplc_growth_experiment	1	0	0	0.14793333333333336	0.14403333333333332	1.7758333333333334	5.140599999999999		0.14793333333333336	0.0005093041483612153	1.009896203052222	0.797685501493474	0.8488046360409656	0.6145392875695272	5.833333333333333	0.39686260371061777	0.28128035557827785	1.7465671345173424	4.166666666666667	5.833333333333333	0.0	0.0	3.720037490612297	3.6666666666666665	3.6666666666666665	6.0	FALSE
8	A9	20241010_hplc_growth_experiment	1	0	0	0.14623333333333333	0.12883333333333333	1.8047333333333333	5.054183333333333		0.14623333333333333	0.00023295766862134853	1.208339423627196	0.575390192159248	3.543320357813889	1.5136581010892003	1.0	3.924351683792601	-0.11758571541536159	0.17662718237578262	0.6666666666666666	1.0	0.0	0.0	0.479186792949019	0.0	0.0	1.1666666666666667	FALSE
8	A9	20241010_hplc_growth_experiment	1	0	0	0.14623333333333333	0.12883333333333333	1.8047333333333333	5.054183333333333		0.14623333333333333	0.00023295766862134853	-0.33442079700046223	-0.41640013830861106	0.18806509174734032	0.1723260104725941	3.0	0.605487643205196	0.4996227536102726	1.1447751053856636	2.5	3.0	0.0	0.0	2.6752261012697995	1.6666666666666667	1.1666666666666667	3.1666666666666665	FALSE
8	A9	20241010_hplc_growth_experiment	1	0	0	0.14623333333333333	0.12883333333333333	1.8047333333333333	5.054183333333333		0.14623333333333333	0.00023295766862134853	2.072011461128338	1.4560834452090463	1.4406325461256375	0.8922572459235973	5.833333333333333	0.536157184232067	0.3173653530343627	1.2928059176391222	3.5	5.833333333333333	0.0	0.0	3.1931209532073597	3.1666666666666665	3.1666666666666665	6.0	FALSE
9	A10	20241010_hplc_growth_experiment	1	0	0	0.12733333333333333	0.12733333333333333	1.862933333333333	5.111633333333334		0.12733333333333333	0.0008651647983985235	1.3410744302157684	0.8026732992454431	2.176905154100204	1.1559075009230149	1.0	1.6380706868873751	0.1207293725532298	0.42314851618341814	0.16666666666666666	1.0	0.0	0.0	0.008068453153013216	0.0	0.0	1.1666666666666667	FALSE
9	A10	20241010_hplc_growth_experiment	1	0	0	0.12733333333333333	0.12733333333333333	1.862933333333333	5.111633333333334		0.12733333333333333	0.0008651647983985235	0.4960074700456079	0.3729904774973964	0.9350328163465076	0.6601242856901373	3.0	0.7438830207135607	0.46442403344305905	0.9317959427210105	2.3333333333333335	3.0	0.0	0.0	2.0053264751413447	1.1666666666666667	1.1666666666666667	3.1666666666666665	FALSE
9	A10	20241010_hplc_growth_experiment	1	0	0	0.12733333333333333	0.12733333333333333	1.862933333333333	5.111633333333334		0.12733333333333333	0.0008651647983985235	0.5059449880953236	0.4137601276246069	0.688529374511571	0.5238579575009106	4.5	0.43816537866631106	0.27000777048955077	1.5819305091373228	3.6666666666666665	4.5	0.0	0.0	3.1813732619318484	3.1666666666666665	3.1666666666666665	4.666666666666667	FALSE
9	A10	20241010_hplc_growth_experiment	1	0	0	0.12733333333333333	0.12733333333333333	1.862933333333333	5.111633333333334		0.12733333333333333	0.0008651647983985235	0.21877385872325406	0.19636824878582054	0.3298897319838092	0.28509603051373045	5.833333333333333	0.28116461901435624	0.10808771866839102	2.4652717080471396	5.333333333333333	5.833333333333333	0.0	0.0	4.723861160087339	4.666666666666667	4.666666666666667	6.0	FALSE
10	A11	20241010_hplc_growth_experiment	1	0	0	0.14016666666666666	0.14016666666666666	1.9108666666666667	5.155083333333334		0.14016666666666666	0.0017029530469108997	2.069251963743441	0.9514461568771604	5.415282896935027	1.8586830963836456	1.3333333333333333	3.4578657582537264	0.4840130494451711	0.20045520243388365	1.0	1.3333333333333333	0.0	0.0	0.7129510599211744	0.0	0.0	1.5	FALSE
10	A11	20241010_hplc_growth_experiment	1	0	0	0.14016666666666666	0.14016666666666666	1.9108666666666667	5.155083333333334		0.14016666666666666	0.0017029530469108997	1.0819459727075245	0.46626412908148807	1.3676059724599399	0.8618793064110535	5.833333333333333	0.8070273104042733	0.3324738710012932	0.8588893729169081	2.1666666666666665	5.833333333333333	0.0	0.0	2.9837492153330567	2.0	1.5	6.0	FALSE
11	A12	20241010_hplc_growth_experiment	1	0	0	-0.001333333333333353	-0.02116666666666667	0.021766666666666684	-0.06091666666666663		0.022699999999999974	3.329969144703728e-05	-1.8731022608479417	-2.7624647181080797	0.0	0.0	0.0	0.8477603376196857	-1.4136725968836286	0.817621619933461	2.6666666666666665	0.16666666666666666	0.0	0.0	3.7045874729453763	0.0	0.0	3.6666666666666665	TRUE
11	A12	20241010_hplc_growth_experiment	1	0	0	-0.001333333333333353	-0.02116666666666667	0.021766666666666684	-0.06091666666666663		0.022699999999999974	3.329969144703728e-05	2.616716874252256	1.136371080393387	3.3967047722443873	1.4808553449479807	5.5	2.2433344628880554	-0.6311403100218161	0.3089807570056191	4.833333333333333	5.833333333333333	0.34031671837218713	0.0805624092039594	4.626705499709408	4.0	3.6666666666666665	6.0	TRUE
13	B2	20241010_hplc_growth_experiment	1	0	0	0.11279999999999997	0.11279999999999997	1.7022000000000002	5.1018222222222205		0.11279999999999997	6.60239178674019e-05	7.300674631533781	2.8997643577731673	8.91060082899206	2.293604975060272	1.1666666666666667	4.67114340990009	-4.140316962588387	0.14838918862796613	1.0	1.5	5.438390102375124	0.7957221189811252	0.6438403929672472	0.0	0.0	2.6666666666666665	FALSE
13	B2	20241010_hplc_growth_experiment	1	0	0	0.11279999999999997	0.11279999999999997	1.7022000000000002	5.1018222222222205		0.11279999999999997	6.60239178674019e-05	3.4878053434568206	2.2048943772279603	1.9993756254965795	1.0984041421726574	5.833333333333333	0.7086706179556793	0.15272911272762868	0.9780949894035188	3.0	5.833333333333333	0.0	0.0	2.7485557518711716	2.6666666666666665	2.6666666666666665	6.0	FALSE
14	B3	20241010_hplc_growth_experiment	1	0	0	0.12969999999999998	0.12969999999999998	1.7356	5.3543055555555545		0.12969999999999998	0.00041747094415496913	3.674923470957447	1.2871335233692616	8.85534932365115	2.2880143863134785	1.3333333333333333	4.26532540908537	-0.9664530849088955	0.16250745583994716	1.0	1.3333333333333333	0.0	0.0	0.6545737441909358	0.0	0.0	1.5	FALSE
14	B3	20241010_hplc_growth_experiment	1	0	0	0.12969999999999998	0.12969999999999998	1.7356	5.3543055555555545		0.12969999999999998	0.00041747094415496913	-0.6261287367371181	-0.8360394874593702	0.0	0.0	1.5	1.1094803004565519	-3.7919171569234686	0.624749425721858	2.0	1.5	0.0	0.0	2.7283768448563923	2.0	1.5	3.5	FALSE
14	B3	20241010_hplc_growth_experiment	1	0	0	0.12969999999999998	0.12969999999999998	1.7356	5.3543055555555545		0.12969999999999998	0.00041747094415496913	1.2758001227839275	0.9790723302457497	0.9730198098990048	0.679565267486274	5.833333333333333	0.5218873530092661	0.25488521111122303	1.3281547762427546	4.0	5.833333333333333	0.0	0.0	3.6058762658934262	3.5	3.5	6.0	FALSE
15	B4	20241010_hplc_growth_experiment	1	0	0	0.14066666666666666	-0.06136666666666666	1.4467	3.689605555555555		0.22306666666666664	0.05797075477189094	6.021015492225924	3.176287109626167	3.5465116539367587	1.5143602694570786	1.3333333333333333	2.3986830254057283	-1.7269839195501535	0.28896989440391024	0.8333333333333334	1.6666666666666667	0.48766288863096907	0.11346089139625648	0.5421832064744618	0.0	0.0	3.6666666666666665	FALSE
15	B4	20241010_hplc_growth_experiment	1	0	0	0.14066666666666666	-0.06136666666666666	1.4467	3.689605555555555		0.22306666666666664	0.05797075477189094	-0.5396246637763035	-1.9298196283728006	0.6826293125470073	0.5203576369664338	4.5	1.9583747037756414	-5.469507730984104	0.3539400193556395	5.833333333333333	5.0	1.5893776900695493	2.8928114583539424	7.044773522390894	3.6666666666666665	3.6666666666666665	6.0	FALSE
16	B5	20241010_hplc_growth_experiment	1	0	0	0.15793333333333334	0.13383333333333333	1.7355333333333334	5.228199999999998		0.15793333333333334	0.0003702428635977142	2.514283219678899	0.9462970371236418	7.072147799307061	2.0884195930059617	1.3333333333333333	4.059143917543148	-0.1435710535010956	0.17076191301427965	1.0	1.3333333333333333	0.0	0.0	0.7225776432834683	0.16666666666666666	0.0	1.5	FALSE
16	B5	20241010_hplc_growth_experiment	1	0	0	0.15793333333333334	0.13383333333333333	1.7355333333333334	5.228199999999998		0.15793333333333334	0.0003702428635977142	-0.7919465753192317	-1.0867892985848053	0.0	0.0	1.5	0.9708661453142241	-3.4572122376009085	0.7139472149743216	2.0	1.5	0.0	0.0	2.9902747177533993	2.0	1.5	3.6666666666666665	FALSE
16	B5	20241010_hplc_growth_experiment	1	0	0	0.15793333333333334	0.13383333333333333	1.7355333333333334	5.228199999999998		0.15793333333333334	0.0003702428635977142	1.0694707449474448	0.8384317705840567	0.8840321811782921	0.6334142573131134	5.833333333333333	0.4465012149793467	0.2950035318282598	1.5523970759900563	4.0	5.833333333333333	0.0	0.0	3.7136627971426854	3.6666666666666665	3.6666666666666665	6.0	FALSE
17	B6	20241010_hplc_growth_experiment	1	0	0	0.14563333333333334	0.12983333333333333	1.7038333333333333	5.432099999999999		0.14563333333333334	0.004038059507175073	4.980744603745771	1.6146443121957352	9.757682626478545	2.3756201622519626	1.6666666666666667	3.656054384044387	-1.334521947077389	0.1895888593957879	1.1666666666666667	1.6666666666666667	0.0	0.0	0.8202239227338752	0.0	0.0	1.8333333333333333	FALSE
17	B6	20241010_hplc_growth_experiment	1	0	0	0.14563333333333334	0.12983333333333333	1.7038333333333333	5.432099999999999		0.14563333333333334	0.004038059507175073	-0.042211847010175524	-0.3854858670013956	0.6276122337657022	0.4871140535620391	5.833333333333333	1.3294981462306812	0.2605461323115721	0.5213600203393419	2.5	5.833333333333333	0.0	0.0	3.0542114071082587	2.3333333333333335	1.8333333333333333	6.0	FALSE
18	B7	20241010_hplc_growth_experiment	1	0	0	-0.003266666666666654	-0.014233333333333318	0.012433333333333324	-0.03353333333333332		0.02126666666666667	1.03299396592231e-05	-0.4788432532001378	-0.548879751176503	0.04160481374159786	0.04076261394919781	0.16666666666666666	0.5569144154854387	-0.9097471453597525	1.2446206477807873	1.1666666666666667	0.5	0.29030092621612924	0.32670767917127275	1.7389297424860473	0.0	0.0	2.6666666666666665	TRUE
18	B7	20241010_hplc_growth_experiment	1	0	0	-0.003266666666666654	-0.014233333333333318	0.012433333333333324	-0.03353333333333332		0.02126666666666667	1.03299396592231e-05	0.1918656923493542	0.15850736490406458	0.21724643323516601	0.19659128589372754	4.833333333333333	0.6504609761816593	-0.665653893013984	1.0656245431184248	3.3333333333333335	5.333333333333333	0.3446822931508856	0.3329104005106506	3.379886461763244	2.8333333333333335	2.6666666666666665	6.0	TRUE
19	B8	20241010_hplc_growth_experiment	1	0	0	0.16113333333333335	0.15053333333333332	1.7125333333333332	5.237683333333333		0.16113333333333335	0.00033594786370902234	2.756342293511585	1.0817608859710197	6.365735590613496	1.9968389214531983	1.3333333333333333	4.134342757221285	-1.1746413172739174	0.16765595434709757	1.0	1.3333333333333333	0.0	0.0	0.6776960749123646	0.16666666666666666	0.0	1.5	FALSE
19	B8	20241010_hplc_growth_experiment	1	0	0	0.16113333333333335	0.15053333333333332	1.7125333333333332	5.237683333333333		0.16113333333333335	0.00033594786370902234	-0.5280540787436636	-0.7106406678860524	0.24248483693643874	0.21711327524129498	3.8333333333333335	0.6728955063576042	0.3975752990698354	1.0300963136341388	2.3333333333333335	3.8333333333333335	0.0	0.0	3.1498101233870477	2.0	1.5	4.0	FALSE
19	B8	20241010_hplc_growth_experiment	1	0	0	0.16113333333333335	0.15053333333333332	1.7125333333333332	5.237683333333333		0.16113333333333335	0.00033594786370902234	0.5757475297252997	0.48740951612680306	0.5761686057208182	0.45499696903877185	5.833333333333333	0.36962172352611317	0.2694631188416424	1.875287994297163	4.333333333333333	5.833333333333333	0.0	0.0	4.057153996690673	4.0	4.0	6.0	FALSE
21	B10	20241010_hplc_growth_experiment	1	0	0	0.13826666666666668	-0.022133333333333352	1.4432666666666667	4.037366666666666		0.20623333333333338	0.05962739495853487	2.323712845152194	1.2359198041184523	3.0190972731302708	1.3910573184909814	1.3333333333333333	1.6034168484805331	-0.5089051821370806	0.4322938113172513	0.6666666666666666	1.5	0.15409324558278437	0.039094594395868265	0.2688078359851687	0.0	0.0	1.6666666666666667	FALSE
21	B10	20241010_hplc_growth_experiment	1	0	0	0.13826666666666668	-0.022133333333333352	1.4432666666666667	4.037366666666666		0.20623333333333338	0.05962739495853487	-0.025307573371137815	-0.6508825793919186	0.9260402760376729	0.6554662249110104	4.333333333333333	0.7812599646326329	-2.5832123604169492	0.8872170749026921	4.0	5.0	1.6420672122445858	1.9143421160290781	3.371945782824859	1.6666666666666667	1.6666666666666667	6.0	FALSE
22	B11	20241010_hplc_growth_experiment	1	0	0	0.14646666666666666	-0.02403333333333335	1.3483666666666667	3.507483333333334		0.20020000000000004	0.05222714061446956	1.619870613600256	0.9049082647403555	2.6623496019313584	1.2981049091809405	1.3333333333333333	1.7962229137512113	-0.26302276763459054	0.38589151449604026	0.8333333333333334	1.3333333333333333	0.0	0.0	0.3642153924775209	0.0	0.0	1.5	FALSE
22	B11	20241010_hplc_growth_experiment	1	0	0	0.14646666666666666	-0.02403333333333335	1.3483666666666667	3.507483333333334		0.20020000000000004	0.05222714061446956	-0.2475294510750719	-0.29790497612505384	0.14291872957634144	0.1335852795518948	3.1666666666666665	0.7246508829486967	0.283054185696808	0.956525682739033	2.5	3.1666666666666665	0.0	0.0	2.821432346516679	1.5	1.5	3.3333333333333335	FALSE
22	B11	20241010_hplc_growth_experiment	1	0	0	0.14646666666666666	-0.02403333333333335	1.3483666666666667	3.507483333333334		0.20020000000000004	0.05222714061446956	-0.2245887411607393	-1.0137109642544557	0.7606790157985319	0.5656995390776511	4.333333333333333	1.1204043083871926	-3.36645953699552	0.6186580820612173	5.833333333333333	5.0	1.560101733591942	2.172255198164522	7.267240403361908	3.3333333333333335	3.3333333333333335	6.0	FALSE
25	C2	20241010_hplc_growth_experiment	1	0	0	0.17373333333333335	0.14196666666666666	1.7711	5.477149999999999		0.17373333333333335	0.00013884997524115213	2.800938544361707	1.0328251523960497	6.172988632975669	1.9703223924470525	1.5	4.0293049713143585	-1.7277034693801772	0.17202648732092393	1.1666666666666667	1.5	0.0	0.0	0.8122579627896616	0.3333333333333333	0.0	1.6666666666666667	FALSE
25	C2	20241010_hplc_growth_experiment	1	0	0	0.17373333333333335	0.14196666666666666	1.7711	5.477149999999999		0.17373333333333335	0.00013884997524115213	-0.39703528342134436	-0.5122519286877716	0.14768955983378906	0.13775084306451335	3.5	0.766464050909614	0.46343238965260036	0.9043440194453234	2.6666666666666665	3.5	0.0	0.0	3.077380210165632	2.0	1.6666666666666667	3.6666666666666665	FALSE
25	C2	20241010_hplc_growth_experiment	1	0	0	0.17373333333333335	0.14196666666666666	1.7711	5.477149999999999		0.17373333333333335	0.00013884997524115213	0.9951097428218317	0.7930445020690037	0.7849507409240666	0.5793908187298513	5.833333333333333	0.4489818518288565	0.19853118762180577	1.5438200402455464	4.166666666666667	5.833333333333333	0.0	0.0	3.7135286129251837	3.6666666666666665	3.6666666666666665	6.0	FALSE
26	C3	20241010_hplc_growth_experiment	1	0	0	0.1554333333333333	-0.03153333333333334	1.4815	3.8204333333333333		0.21303333333333327	0.053802571721683054	6.19890470636453	3.2310405391039385	3.673032097465115	1.5418081324011228	1.3333333333333333	2.505340060058194	-1.7903284324318869	0.2766679029368352	0.8333333333333334	1.6666666666666667	0.4550952254156613	0.10246201677956779	0.5443842413021149	0.0	0.0	3.6666666666666665	FALSE
26	C3	20241010_hplc_growth_experiment	1	0	0	0.1554333333333333	-0.03153333333333334	1.4815	3.8204333333333333		0.21303333333333327	0.053802571721683054	-0.5495336146953214	-2.0878628827179897	0.6847003136436698	0.5215876925818268	4.5	1.9202318992660647	-5.773490783819146	0.3609705582043889	5.833333333333333	5.0	1.6160564692427855	3.2004115097812655	7.228385575837645	3.6666666666666665	3.6666666666666665	6.0	FALSE
27	C4	20241010_hplc_growth_experiment	1	0	0	0.1670333333333333	0.16356666666666667	1.8013666666666666	5.546427777777778		0.1670333333333333	0.00016408441214872297	2.8957462779679313	1.1825259446824716	5.985436019253117	1.9438274129873843	1.5	3.570633614114581	-1.6361989274691422	0.19412442033255958	1.1666666666666667	1.5	0.0	0.0	0.773075638367824	0.0	0.0	1.6666666666666667	FALSE
27	C4	20241010_hplc_growth_experiment	1	0	0	0.1670333333333333	0.16356666666666667	1.8013666666666666	5.546427777777778		0.1670333333333333	0.00016408441214872297	-0.3315080827101903	-0.40840588682923973	0.01295223550150948	0.01286907262625947	3.0	0.976454129937151	0.45025969541667193	0.7098614868929475	2.1666666666666665	3.0	0.0	0.0	2.6460948446974744	2.0	1.6666666666666667	3.1666666666666665	FALSE
27	C4	20241010_hplc_growth_experiment	1	0	0	0.1670333333333333	0.16356666666666667	1.8013666666666666	5.546427777777778		0.1670333333333333	0.00016408441214872297	1.828489330618508	1.3272800986870212	1.2347454543408345	0.8041273309042549	5.833333333333333	0.47238852016303734	0.24683579981174553	1.4673243547932042	3.6666666666666665	5.833333333333333	0.0	0.0	3.22516580606302	3.1666666666666665	3.1666666666666665	6.0	FALSE
28	C5	20241010_hplc_growth_experiment	1	0	0	0.1904333333333333	0.15336666666666668	1.7158	5.348949999999999		0.1904333333333333	0.0002584532333745728	-0.05555242078504431	-0.060440620666752515	0.0	0.0	0.0	1.1610668805246076	-1.6318683081812053	0.5969916050372214	0.5	0.0	0.0	0.0	0.5092300720950399	0.3333333333333333	0.0	0.6666666666666666	FALSE
28	C5	20241010_hplc_growth_experiment	1	0	0	0.1904333333333333	0.15336666666666668	1.7158	5.348949999999999		0.1904333333333333	0.0002584532333745728	1.8939319206744578	0.8557741013415827	4.440179061780776	1.6938119760946642	1.5	3.6727665579845947	-1.4252702992664483	0.18872617402079184	1.1666666666666667	1.5	0.0	0.0	0.8723890494045007	0.6666666666666666	0.6666666666666666	1.6666666666666667	FALSE
28	C5	20241010_hplc_growth_experiment	1	0	0	0.1904333333333333	0.15336666666666668	1.7158	5.348949999999999		0.1904333333333333	0.0002584532333745728	-0.41561306932359937	-0.5276706283277202	0.0	0.0	1.6666666666666667	0.9442964996703963	-3.6343626639251716	0.7340355288851395	2.1666666666666665	1.6666666666666667	0.0	0.0	2.768726105705575	2.0	1.6666666666666667	3.0	FALSE
28	C5	20241010_hplc_growth_experiment	1	0	0	0.1904333333333333	0.15336666666666668	1.7158	5.348949999999999		0.1904333333333333	0.0002584532333745728	0.28617058306194454	0.24406910271124294	0.528998214016219	0.4246127588731359	4.0	0.4771112441813042	0.4187182501055404	1.45279992666982	3.3333333333333335	4.0	0.0	0.0	3.049454898768524	3.0	3.0	4.166666666666667	FALSE
28	C5	20241010_hplc_growth_experiment	1	0	0	0.1904333333333333	0.15336666666666668	1.7158	5.348949999999999		0.1904333333333333	0.0002584532333745728	0.4506420426950801	0.38993512914291195	0.4773764849292135	0.39026786946302994	5.833333333333333	0.3217357756798649	0.24967131646872634	2.154398835800107	4.166666666666667	5.833333333333333	0.0	0.0	4.166666666666667	4.166666666666667	4.166666666666667	6.0	FALSE
31	C8	20241010_hplc_growth_experiment	1	0	0	0.14103333333333334	-0.023700000000000013	1.467833333333333	3.715016666666666		0.1892666666666667	0.038214699634823414	2.2359496112281296	0.9839856828134684	5.038254791456135	1.7981150283830973	1.3333333333333333	3.319206138461634	-0.7089927564742743	0.20882920543199557	1.0	1.3333333333333333	0.0	0.0	0.6320420114892151	0.0	0.0	1.5	FALSE
31	C8	20241010_hplc_growth_experiment	1	0	0	0.14103333333333334	-0.023700000000000013	1.467833333333333	3.715016666666666		0.1892666666666667	0.038214699634823414	-0.4557114804447544	-0.6181182809196515	0.2961503238603034	0.2593985818366398	4.0	0.5889091030675436	0.3256273008669444	1.1770019803556107	2.1666666666666665	4.0	0.0	0.0	3.198831517982641	1.8333333333333333	1.5	4.166666666666667	FALSE
31	C8	20241010_hplc_growth_experiment	1	0	0	0.14103333333333334	-0.023700000000000013	1.467833333333333	3.715016666666666		0.1892666666666667	0.038214699634823414	0.16951211666728644	0.1425958397912382	0.562393131528538	0.44621870446758294	4.666666666666667	1.6638574664460826	-4.133669346034091	0.4165904799769138	4.5	4.833333333333333	0.2982121977937642	0.21179427520949923	4.397002606690753	4.166666666666667	4.166666666666667	5.0	FALSE
31	C8	20241010_hplc_growth_experiment	1	0	0	0.14103333333333334	-0.023700000000000013	1.467833333333333	3.715016666666666		0.1892666666666667	0.038214699634823414	-0.6758246846174547	-1.4637628100480957	0.0	0.0	5.0	3.8252929186675986	-9.522852796631783	0.18120107277990566	5.5	5.0	0.0	0.0	6.050565247396345	5.333333333333333	5.0	6.0	FALSE
32	C9	20241010_hplc_growth_experiment	1	0	0	0.15333333333333332	0.15333333333333332	1.7638	5.477766666666666		0.15333333333333332	0.0005385866980569106	3.7944614225741873	1.4600206429444949	7.05662258246719	2.086494434265724	1.3333333333333333	3.3169828722108154	-1.7386625610636024	0.20896917688874075	1.0	1.5	0.6015651768283359	0.07760178579176724	0.6408727169360964	0.0	0.0	1.6666666666666667	FALSE
32	C9	20241010_hplc_growth_experiment	1	0	0	0.15333333333333332	0.15333333333333332	1.7638	5.477766666666666		0.15333333333333332	0.0005385866980569106	1.490838853633845	0.8654629355652259	1.2470932094028524	0.8096374740530645	5.833333333333333	0.9675041644905121	0.3141648272711294	0.7164281105962543	2.3333333333333335	5.833333333333333	0.0	0.0	2.8006026069747687	2.1666666666666665	1.6666666666666667	6.0	FALSE
33	C10	20241010_hplc_growth_experiment	1	0	0	0.17536666666666664	-0.021333333333333343	1.4723666666666666	3.9203666666666663		0.21430000000000007	0.0776642498108111	1.5818713382373804	0.915536941453426	2.4022384569611255	1.2244335846863137	1.6666666666666667	1.6172143898002513	-0.28914439557711924	0.4286056226877617	1.0	1.6666666666666667	0.0	0.0	0.6361568790707779	0.0	0.0	1.8333333333333333	FALSE
33	C10	20241010_hplc_growth_experiment	1	0	0	0.17536666666666664	-0.021333333333333343	1.4723666666666666	3.9203666666666663		0.21430000000000007	0.0776642498108111	-0.21130838515129288	-0.24145753250759364	0.048903458656837984	0.04774529339331113	3.1666666666666665	0.6697026961416097	0.4120161358400711	1.0350073018272248	2.8333333333333335	3.1666666666666665	0.0	0.0	3.042136086982959	1.8333333333333333	1.8333333333333333	3.3333333333333335	FALSE
33	C10	20241010_hplc_growth_experiment	1	0	0	0.17536666666666664	-0.021333333333333343	1.4723666666666666	3.9203666666666663		0.21430000000000007	0.0776642498108111	-0.29171580957675375	-1.028394120199874	0.678188950394	0.5177152062312265	4.333333333333333	1.0143427120935746	-2.980055270147319	0.6833461435625728	5.833333333333333	5.0	1.4578408316397002	2.030261831496191	7.324492689270452	3.3333333333333335	3.3333333333333335	6.0	FALSE
34	C11	20241010_hplc_growth_experiment	1	0	0	0.14696666666666666	0.14696666666666666	1.8223666666666667	5.336783333333333		0.14696666666666666	0.00021982849215560353	2.5505226864921173	1.0499233093248204	7.21288434553389	2.1057041827806495	1.3333333333333333	3.8890258791921997	0.7270253391696765	0.17823156803058374	1.0	1.3333333333333333	0.0	0.0	0.7348902296902549	0.0	0.0	1.5	FALSE
34	C11	20241010_hplc_growth_experiment	1	0	0	0.14696666666666666	0.14696666666666666	1.8223666666666667	5.336783333333333		0.14696666666666666	0.00021982849215560353	-0.8523493977820443	-1.1802619414270952	0.0	0.0	1.5	0.7428980582678579	-3.213115632480327	0.9330313531523937	2.1666666666666665	1.6666666666666667	0.0	0.0	3.3684979304373943	2.0	1.5	3.6666666666666665	FALSE
34	C11	20241010_hplc_growth_experiment	1	0	0	0.14696666666666666	0.14696666666666666	1.8223666666666667	5.336783333333333		0.14696666666666666	0.00021982849215560353	1.0149876632897326	0.8017387204128433	0.8537001430665672	0.6171837189318252	5.833333333333333	0.431260905253865	0.3690572773588697	1.6072571664058417	4.166666666666667	5.833333333333333	0.0	0.0	3.7431194541589177	3.6666666666666665	3.6666666666666665	6.0	FALSE
35	C12	20241010_hplc_growth_experiment	1	0	0	-0.03363333333333335	-0.03363333333333335	0.013399999999999995	-0.01084999999999999		0.012933333333333324	2.3652925321462516e-05	1.4453000993210092	0.8617615343837377	2.0183347005081327	1.1047052556240278	1.0	2.3636658469208642	-0.05729628056862359	0.29325091846755946	0.0	1.0	0.0	0.0	0.0	0.0	0.0	1.1666666666666667	TRUE
35	C12	20241010_hplc_growth_experiment	1	0	0	-0.03363333333333335	-0.03363333333333335	0.013399999999999995	-0.01084999999999999		0.012933333333333324	2.3652925321462516e-05	0.0823276661453804	0.0774844163085568	0.1300172535456554	0.1222329012321588	5.833333333333333	0.19984366354146996	-0.047869631612921966	3.468447126501506	5.333333333333333	5.833333333333333	0.0	0.0	5.003396606801513	1.1666666666666667	1.1666666666666667	6.0	TRUE
37	D2	20241010_hplc_growth_experiment	1	0	0	0.14326666666666665	0.14326666666666665	1.8809	5.66556111111111		0.14326666666666665	0.002600787250658913	2.3820905738453995	1.0920179869658182	5.124870919855885	1.812357681899481	1.3333333333333333	2.68865725289435	0.1393970387042701	0.25780421800278547	1.0	1.3333333333333333	0.0	0.0	0.532940148594927	0.0	0.0	1.5	FALSE
37	D2	20241010_hplc_growth_experiment	1	0	0	0.14326666666666665	0.14326666666666665	1.8809	5.66556111111111		0.14326666666666665	0.002600787250658913	-0.3498903319454735	-0.44748696528049564	0.22526872300698475	0.20316018565953642	3.5	0.8505959040539204	0.43008683045558294	0.8148959773453197	2.3333333333333335	3.5	0.0	0.0	2.7858519440078853	2.0	1.5	3.6666666666666665	FALSE
37	D2	20241010_hplc_growth_experiment	1	0	0	0.14326666666666665	0.14326666666666665	1.8809	5.66556111111111		0.14326666666666665	0.002600787250658913	0.9452822480949173	0.7597036034166789	0.7786503881443445	0.5758548678105724	5.833333333333333	0.3895643720853806	0.20853060700067155	1.7792879180646135	4.166666666666667	5.833333333333333	0.0	0.0	3.6961134376296676	3.6666666666666665	3.6666666666666665	6.0	FALSE
38	D3	20241010_hplc_growth_experiment	1	0	0	0.14126666666666665	0.14126666666666665	1.8206	5.453627777777777		0.14126666666666665	0.0006601211439606819	3.0787571381352272	1.196780822825054	7.052917706360736	2.086034473757187	1.3333333333333333	3.9760754391369133	-0.9644373703494318	0.17432948422890254	1.0	1.3333333333333333	0.0	0.0	0.650830115063496	0.0	0.0	1.5	FALSE
38	D3	20241010_hplc_growth_experiment	1	0	0	0.14126666666666665	0.14126666666666665	1.8206	5.453627777777777		0.14126666666666665	0.0006601211439606819	-0.4818048909229627	-0.6210449044308549	0.13212315482270087	0.12409476787633844	3.5	0.8423766451974376	0.47488577537581556	0.822847101129548	2.0	3.5	0.0	0.0	2.7737245981899568	1.8333333333333333	1.5	3.6666666666666665	FALSE
38	D3	20241010_hplc_growth_experiment	1	0	0	0.14126666666666665	0.14126666666666665	1.8206	5.453627777777777		0.14126666666666665	0.0006601211439606819	0.9863947554416345	0.783115694915696	0.8279104230774679	0.6031734691384358	5.833333333333333	0.40817710211944996	0.3144718593731055	1.6981530246571768	4.166666666666667	5.833333333333333	0.0	0.0	3.730038179261881	3.6666666666666665	3.6666666666666665	6.0	FALSE
39	D4	20241010_hplc_growth_experiment	1	0	0	0.1338666666666667	0.1338666666666667	1.8238333333333328	5.627638888888889		0.1338666666666667	0.0012984284063698246	8.922876456170327	3.658017927554191	8.288868301011991	2.2288167263537497	1.3333333333333333	3.8596292603941396	-3.050388749564211	0.17958905734100536	1.0	1.6666666666666667	3.8201241444576857	0.5297677237463172	0.6397239805803727	0.0	0.0	3.1666666666666665	FALSE
39	D4	20241010_hplc_growth_experiment	1	0	0	0.1338666666666667	0.1338666666666667	1.8238333333333328	5.627638888888889		0.1338666666666667	0.0012984284063698246	1.8344252999244006	1.3333929098183444	1.2848925314137873	0.8263189910360875	5.833333333333333	0.476704476965642	0.22943272896499448	1.4540395864792837	3.5	5.833333333333333	0.0	0.0	3.178492495355449	3.1666666666666665	3.1666666666666665	6.0	FALSE
40	D5	20241010_hplc_growth_experiment	1	0	0	0.14016666666666666	0.14016666666666666	1.8107666666666669	5.563011111111111		0.14016666666666666	0.0005992312226133127	3.2942665357622465	1.3071698758156751	7.723788624431174	2.1660536188426383	1.3333333333333333	3.984151364029321	-0.599507080757837	0.1739761161731917	1.0	1.3333333333333333	0.0	0.0	0.6660227417609632	0.0	0.0	1.5	FALSE
40	D5	20241010_hplc_growth_experiment	1	0	0	0.14016666666666666	0.14016666666666666	1.8107666666666669	5.563011111111111		0.14016666666666666	0.0005992312226133127	0.7525952887881147	0.2597115154383388	0.9960253966470356	0.6911579015793856	5.833333333333333	1.040562536456734	0.3424841900575586	0.6661273650310454	2.0	5.833333333333333	0.0	0.0	2.6974180131485936	1.8333333333333333	1.5	6.0	FALSE
41	D6	20241010_hplc_growth_experiment	1	0	0	0.1654666666666667	-0.06176666666666665	1.495866666666667	3.8434777777777778		0.25133333333333335	0.04167707226947459	1.5291899929153943	0.8190930672775143	3.0909498171871386	1.408777172234807	1.3333333333333333	2.462754693060019	-0.6112040953773629	0.2814519783530275	1.0	1.3333333333333333	0.0	0.0	0.5817054490819031	0.0	0.0	1.5	FALSE
41	D6	20241010_hplc_growth_experiment	1	0	0	0.1654666666666667	-0.06176666666666665	1.495866666666667	3.8434777777777778		0.25133333333333335	0.04167707226947459	-0.2347696863123246	-0.3310071519336888	0.36069936491600885	0.3079988064812742	3.8333333333333335	0.7396625299971792	0.17825736317414762	0.9371127405393764	2.1666666666666665	3.8333333333333335	0.0	0.0	2.7659387448264203	1.8333333333333333	1.5	4.0	FALSE
41	D6	20241010_hplc_growth_experiment	1	0	0	0.1654666666666667	-0.06176666666666665	1.495866666666667	3.8434777777777778		0.25133333333333335	0.04167707226947459	-0.6655861970992987	-2.6962375117244477	0.6158689940694269	0.4798728887863688	4.666666666666667	4.1278770325653795	-8.256147666854984	0.1679185632448868	5.833333333333333	5.166666666666667	1.5759353876725983	3.700409932794624	6.613525431741547	4.0	4.0	6.0	FALSE
43	D8	20241010_hplc_growth_experiment	1	0	0	0.15206666666666668	0.15206666666666668	1.7513666666666667	5.348244444444443		0.15206666666666668	0.0002799677456169102	5.345788887216379	2.4624455927195976	6.949002879358016	2.0730464968198716	1.1666666666666667	4.496235291904172	-3.6298399082568102	0.1541616787288716	1.0	1.5	4.434942318544442	0.8162742730504917	0.6537136450121264	0.0	0.0	2.6666666666666665	FALSE
43	D8	20241010_hplc_growth_experiment	1	0	0	0.15206666666666668	0.15206666666666668	1.7513666666666667	5.348244444444443		0.15206666666666668	0.0002799677456169102	3.213319064853044	2.077508089081346	1.9271326653720755	1.0740233313741347	5.833333333333333	0.5979439912597085	0.3147699802398181	1.159217570026365	3.1666666666666665	5.833333333333333	0.0	0.0	2.7796652993686584	2.6666666666666665	2.6666666666666665	6.0	FALSE
44	D9	20241010_hplc_growth_experiment	1	0	0	0.15886666666666666	-0.018766666666666668	1.5223666666666666	4.07126111111111		0.2076	0.07011143535944282	1.7566310205459443	0.9734587607049625	2.685056409845633	1.304285833487671	1.1666666666666667	1.770809188982473	-0.4040849924308309	0.3914296271289599	0.6666666666666666	1.3333333333333333	0.004378509438006439	0.0011888862045010828	0.31779920469672046	0.0	0.0	1.5	FALSE
44	D9	20241010_hplc_growth_experiment	1	0	0	0.15886666666666666	-0.018766666666666668	1.5223666666666666	4.07126111111111		0.2076	0.07011143535944282	-0.18731548897632688	-0.22964331520422382	0.18680344091512846	0.17126350875214036	3.1666666666666665	0.7148256796891528	0.26233642593012285	0.9696730269418489	2.5	3.1666666666666665	0.0	0.0	2.7271778266136897	1.5	1.5	3.3333333333333335	FALSE
44	D9	20241010_hplc_growth_experiment	1	0	0	0.15886666666666666	-0.018766666666666668	1.5223666666666666	4.07126111111111		0.2076	0.07011143535944282	-0.2600518363275551	-1.1395930515204902	0.7678562202129064	0.5697676374995344	4.333333333333333	1.2338037332298826	-3.58336439124756	0.5617969551327318	5.833333333333333	5.0	1.5888020081860486	2.289834296008656	7.22745025175624	3.3333333333333335	3.3333333333333335	6.0	FALSE
45	D10	20241010_hplc_growth_experiment	1	0	0	0.14883333333333332	0.14883333333333332	1.8138	5.360077777777777		0.14883333333333332	0.00047112952312152037	5.300653320135142	2.4573304264679825	6.535259275899446	2.0195932410285273	1.1666666666666667	4.586833171176139	-3.6187047596282733	0.15111671924667167	1.0	1.5	3.9296730986780624	0.7371088823387721	0.686610390490566	0.0	0.0	2.6666666666666665	FALSE
45	D10	20241010_hplc_growth_experiment	1	0	0	0.14883333333333332	0.14883333333333332	1.8138	5.360077777777777		0.14883333333333332	0.00047112952312152037	3.1808848662328826	2.0647347012959645	1.9048606815478082	1.0663854309947431	5.833333333333333	0.5831544019143592	0.33339243768177235	1.1886169053761844	3.1666666666666665	5.833333333333333	0.0	0.0	2.760841215323818	2.6666666666666665	2.6666666666666665	6.0	FALSE
46	D11	20241010_hplc_growth_experiment	1	0	0	0.14803333333333335	0.14803333333333335	1.7984	5.283927777777778		0.14803333333333335	0.0004581081096700175	2.0469905555338563	0.8686571329220921	6.4056206730250125	2.0022392623064804	1.1666666666666667	4.38208139579112	0.7068559960022635	0.15817761423274698	1.0	1.1666666666666667	0.0	0.0	0.6494967702414982	0.0	0.0	1.3333333333333333	FALSE
46	D11	20241010_hplc_growth_experiment	1	0	0	0.14803333333333335	0.14803333333333335	1.7984	5.283927777777778		0.14803333333333335	0.0004581081096700175	-0.6327016331774706	-0.8770781887740157	0.0	0.0	1.3333333333333333	0.7826228662362062	-3.133175211613058	0.8856720273117398	2.5	1.3333333333333333	0.0	0.0	3.1168841353038363	1.8333333333333333	1.3333333333333333	2.8333333333333335	FALSE
46	D11	20241010_hplc_growth_experiment	1	0	0	0.14803333333333335	0.14803333333333335	1.7984	5.283927777777778		0.14803333333333335	0.0004581081096700175	2.6702091871672726	1.7954267689688166	1.7021059525606002	0.9940314514119206	5.833333333333333	0.5300931263308161	0.33501004672376683	1.3075951113679822	3.3333333333333335	5.833333333333333	0.0	0.0	2.937476872948929	2.8333333333333335	2.8333333333333335	6.0	FALSE
49	E2	20241010_hplc_growth_experiment	1	0	0	0.1456	0.14083333333333334	1.7681666666666669	5.414305555555556		0.1456	0.001116512861732065	7.813659539391219	3.356847688288414	7.14954446371495	2.0979620316679366	1.3333333333333333	3.780055795693123	-2.65315132247156	0.18336956331430226	1.0	1.5	3.2803786243126707	0.5150393947881622	0.6272413775650971	0.0	0.0	3.1666666666666665	FALSE
49	E2	20241010_hplc_growth_experiment	1	0	0	0.1456	0.14083333333333334	1.7681666666666669	5.414305555555556		0.1456	0.001116512861732065	1.8851143180284957	1.3570733723782906	1.272377916085318	0.8208268233317131	5.833333333333333	0.47170192516405	0.26881680090886756	1.4694601475685738	3.6666666666666665	5.833333333333333	0.0	0.0	3.2204459129727754	3.1666666666666665	3.1666666666666665	6.0	FALSE
50	E3	20241010_hplc_growth_experiment	1	0	0	0.1502	0.1472333333333333	1.8148666666666664	5.521455555555555		0.1502	0.0003531673524803456	0.03432522303187894	0.03041340674011463	0.2274930097473158	0.20497388596345273	0.5	1.3119000203469278	1.3119000203469278	0.5283536624815699	0.5	0.5	0.0	0.0	0.3437579977251254	0.0	0.0	0.6666666666666666	FALSE
50	E3	20241010_hplc_growth_experiment	1	0	0	0.1502	0.1472333333333333	1.8148666666666664	5.521455555555555		0.1502	0.0003531673524803456	1.6867992397909726	0.7670169882993572	4.647771192042786	1.7312609880464658	1.5	3.8704214838958033	-0.510648601325183	0.17908829398658993	1.1666666666666667	1.5	0.0	0.0	0.9394530991016967	0.6666666666666666	0.6666666666666666	1.6666666666666667	FALSE
50	E3	20241010_hplc_growth_experiment	1	0	0	0.1502	0.1472333333333333	1.8148666666666664	5.521455555555555		0.1502	0.0003531673524803456	-0.5643243170062974	-0.7348117733106706	0.010498887839009985	0.010444157256291664	3.5	0.8152849021419556	0.45366629355562993	0.8501901344411944	2.1666666666666665	3.5	0.0	0.0	3.078837298252393	2.1666666666666665	1.6666666666666667	3.6666666666666665	FALSE
50	E3	20241010_hplc_growth_experiment	1	0	0	0.1502	0.1472333333333333	1.8148666666666664	5.521455555555555		0.1502	0.0003531673524803456	0.9967997340371952	0.792970578148382	0.8078939203375233	0.5921625878690049	5.833333333333333	0.41500747625410783	0.3357760026041667	1.670204081180295	4.166666666666667	5.833333333333333	0.0	0.0	3.711503498173311	3.6666666666666665	3.6666666666666665	6.0	FALSE
51	E4	20241010_hplc_growth_experiment	1	0	0	0.13926666666666665	-0.025300000000000003	1.4593666666666665	3.6909388888888888		0.18816666666666665	0.031198724979688505	2.136539346011327	1.0044787175519454	4.550922329196323	1.7139640993918512	1.3333333333333333	3.022157500990416	-0.7278339806212225	0.22935508170331573	1.0	1.3333333333333333	0.0	0.0	0.6081282536161801	0.0	0.0	1.5	FALSE
51	E4	20241010_hplc_growth_experiment	1	0	0	0.13926666666666665	-0.025300000000000003	1.4593666666666665	3.6909388888888888		0.18816666666666665	0.031198724979688505	-0.2661467741274836	-0.40398606614358423	0.42269882588339147	0.3525556494011437	4.0	0.6421179947191867	0.41791929639220643	1.0794701071460782	2.1666666666666665	4.0	0.0	0.0	2.9573825723582323	1.8333333333333333	1.5	4.166666666666667	FALSE
51	E4	20241010_hplc_growth_experiment	1	0	0	0.13926666666666665	-0.025300000000000003	1.4593666666666665	3.6909388888888888		0.18816666666666665	0.031198724979688505	-0.7259972832270206	-2.7227025793517043	0.4996405149043104	0.40522542265544126	4.666666666666667	2.439774561438771	-10.123884052287595	0.28410296242747374	5.5	5.166666666666667	1.4526992495559699	3.4640835548600766	7.033459851918536	4.166666666666667	4.166666666666667	6.0	FALSE
52	E5	20241010_hplc_growth_experiment	1	0	0	0.1655333333333333	0.1655333333333333	1.8075666666666668	5.368444444444443		0.1655333333333333	0.00018805116915132872	2.555006376055924	1.0739697330764042	6.440809317589854	2.0069796221749154	1.5	4.039409159475155	-1.0017879940421812	0.17159617983586656	1.1666666666666667	1.5	0.0	0.0	0.8934009655294692	0.0	0.0	1.6666666666666667	FALSE
52	E5	20241010_hplc_growth_experiment	1	0	0	0.1655333333333333	0.1655333333333333	1.8075666666666668	5.368444444444443		0.1655333333333333	0.00018805116915132872	-0.4427573751019565	-0.566064670618023	0.049697382218150565	0.04850191521840941	3.3333333333333335	1.004884265799721	0.529968461762997	0.6897781208747609	2.1666666666666665	3.3333333333333335	0.0	0.0	2.749646902118759	2.0	1.6666666666666667	3.5	FALSE
52	E5	20241010_hplc_growth_experiment	1	0	0	0.1655333333333333	0.1655333333333333	1.8075666666666668	5.368444444444443		0.1655333333333333	0.00018805116915132872	1.303258200109315	0.9962909197522007	0.9910304423248	0.6886523149324215	5.833333333333333	0.4441591625132669	0.35961381637313167	1.5605828699734212	3.5	5.833333333333333	0.0	0.0	3.5	3.5	3.5	6.0	FALSE
53	E6	20241010_hplc_growth_experiment	1	0	0	0.16283333333333333	0.16116666666666662	1.7489666666666666	5.459411111111111		0.16283333333333333	0.0019117251426061927	3.4351252275481468	1.2589190315486063	8.459394792308112	2.247008405574154	1.6666666666666667	4.385921570695124	-0.7566167240535856	0.15803911889151465	1.3333333333333333	1.6666666666666667	0.0	0.0	1.0180418004620935	0.0	0.0	1.8333333333333333	FALSE
53	E6	20241010_hplc_growth_experiment	1	0	0	0.16283333333333333	0.16116666666666662	1.7489666666666666	5.459411111111111		0.16283333333333333	0.0019117251426061927	0.012628835915989886	-0.3514086231849204	0.6465948384262694	0.49870942119141937	5.833333333333333	1.1954052225476453	0.3269353500737628	0.5798428578743461	2.3333333333333335	5.833333333333333	0.0	0.0	3.0809942107491004	2.3333333333333335	1.8333333333333333	6.0	FALSE
55	E8	20241010_hplc_growth_experiment	1	0	0	0.1530333333333333	0.1530333333333333	1.7808666666666668	5.244727777777777		0.1530333333333333	0.0001930639657566725	2.6130325451170373	1.0649062970562653	6.247275500146232	1.9806256051553894	1.3333333333333333	4.084626281242617	-1.188746943178392	0.16969659715088486	1.0	1.3333333333333333	0.0	0.0	0.6990833998518168	0.0	0.0	1.5	FALSE
55	E8	20241010_hplc_growth_experiment	1	0	0	0.1530333333333333	0.1530333333333333	1.7808666666666668	5.244727777777777		0.1530333333333333	0.0001930639657566725	-0.39242796396016216	-0.53641711746983	0.2862467320411015	0.25172846747570454	3.6666666666666665	0.7591411006396513	0.5049289532290411	0.9130676497108381	2.0	3.6666666666666665	0.0	0.0	2.846814205520486	1.8333333333333333	1.5	3.8333333333333335	FALSE
55	E8	20241010_hplc_growth_experiment	1	0	0	0.1530333333333333	0.1530333333333333	1.7808666666666668	5.244727777777777		0.1530333333333333	0.0001930639657566725	0.7973460688616134	0.6501774673396177	0.7177059841347917	0.5409896704614876	5.833333333333333	0.41595648527420903	0.3421579902549524	1.6663934933073712	4.333333333333333	5.833333333333333	0.0	0.0	3.895159293223573	3.8333333333333335	3.8333333333333335	6.0	FALSE
56	E9	20241010_hplc_growth_experiment	1	0	0	0.15743333333333331	-0.014666666666666675	1.453566666666667	3.700961111111111		0.19266666666666676	0.04160069493837353	1.8174386350393097	0.8962165527842986	3.8711827806215204	1.5833367783703414	1.3333333333333333	2.852106078617513	-0.6325233879576666	0.24302994399700975	1.0	1.3333333333333333	0.0	0.0	0.6105418822368507	0.0	0.0	1.5	FALSE
56	E9	20241010_hplc_growth_experiment	1	0	0	0.15743333333333331	-0.014666666666666675	1.453566666666667	3.700961111111111		0.19266666666666676	0.04160069493837353	-0.28885047731454994	-0.40758657870073994	0.3733503800376743	0.31725328726508106	3.8333333333333335	0.6129304471279154	0.3753072298131705	1.1308741208858384	2.1666666666666665	3.8333333333333335	0.0	0.0	2.9871241637691455	1.5	1.5	4.0	FALSE
56	E9	20241010_hplc_growth_experiment	1	0	0	0.15743333333333331	-0.014666666666666675	1.453566666666667	3.700961111111111		0.19266666666666676	0.04160069493837353	0.17722552342699055	0.1481869915702041	0.5840756805083411	0.46000107034959736	4.666666666666667	1.6159070234462827	-4.661070356023381	0.4289523905166611	4.5	4.833333333333333	0.490110437060173	0.3701921370115575	4.32476920359909	4.0	4.0	5.0	FALSE
56	E9	20241010_hplc_growth_experiment	1	0	0	0.15743333333333331	-0.014666666666666675	1.453566666666667	3.700961111111111		0.19266666666666676	0.04160069493837353	-0.6171983450664315	-1.185116407377498	0.0	0.0	5.0	3.160583002271827	-8.300667038008807	0.21930991214649673	5.5	5.0	0.0	0.0	6.048533129438395	5.333333333333333	5.0	6.0	FALSE
57	E10	20241010_hplc_growth_experiment	1	0	0	0.12486666666666665	0.12486666666666665	1.8013333333333337	5.3594333333333335		0.12486666666666665	0.0017458123941196681	3.600846621496756	1.4089717754049536	6.9743210166847085	2.076226506072676	1.3333333333333333	3.395564933013254	-1.1170683717950518	0.2041330954448397	1.0	1.3333333333333333	0.0	0.0	0.5288975315104977	0.0	0.0	1.5	FALSE
57	E10	20241010_hplc_growth_experiment	1	0	0	0.12486666666666665	0.12486666666666665	1.8013333333333337	5.3594333333333335		0.12486666666666665	0.0017458123941196681	-0.30980481214536887	-0.4257315904332707	0.30479972892301266	0.2660495645709764	3.6666666666666665	0.7672677666177887	0.4279426258005267	0.903396715875898	2.1666666666666665	3.6666666666666665	0.0	0.0	2.795545066186616	2.0	1.5	3.8333333333333335	FALSE
57	E10	20241010_hplc_growth_experiment	1	0	0	0.12486666666666665	0.12486666666666665	1.8013333333333337	5.3594333333333335		0.12486666666666665	0.0017458123941196681	0.8340728915293775	0.6767126901561458	0.7482042067883885	0.5585890935155415	5.833333333333333	0.41001841744635026	0.29558530957006734	1.6905269399285987	4.166666666666667	5.833333333333333	0.0	0.0	3.8431816911437795	3.8333333333333335	3.8333333333333335	6.0	FALSE
58	E11	20241010_hplc_growth_experiment	1	0	0	0.12706666666666666	-0.017600000000000005	1.4108666666666667	3.5620166666666666		0.18089999999999998	0.03375410510325417	1.635359098557697	0.8314285737874781	4.151182765516323	1.6392263515141405	1.1666666666666667	2.893891648263411	0.4723582941846233	0.23952077852531017	0.8333333333333334	1.1666666666666667	0.0	0.0	0.5281166029842879	0.0	0.0	1.3333333333333333	FALSE
58	E11	20241010_hplc_growth_experiment	1	0	0	0.12706666666666666	-0.017600000000000005	1.4108666666666667	3.5620166666666666		0.18089999999999998	0.03375410510325417	-0.6349549630297651	-0.8196300929823082	0.14774549605036236	0.13779957998385317	3.8333333333333335	0.5345754320972023	0.4653409469960863	1.2966311935448425	2.6666666666666665	3.8333333333333335	0.0	0.0	3.3879256683808014	1.3333333333333333	1.3333333333333333	4.0	FALSE
58	E11	20241010_hplc_growth_experiment	1	0	0	0.12706666666666666	-0.017600000000000005	1.4108666666666667	3.5620166666666666		0.18089999999999998	0.03375410510325417	-0.6554918698287906	-2.006476296633229	0.6001234614932718	0.4700807897020858	4.666666666666667	3.146588886123139	-8.082988338417826	0.2202852694283684	5.666666666666667	5.0	1.454594777440403	2.39746286024563	6.39027518951643	4.0	4.0	6.0	FALSE
61	F2	20241010_hplc_growth_experiment	1	0	0	0.13520000000000004	-0.014600000000000016	1.481766666666667	3.768388888888888		0.1834333333333335	0.03269126184948229	2.17884684747184	1.0242022994688322	4.4397821301951685	1.6937390104693684	1.3333333333333333	2.8984065309034377	-0.7401211047352387	0.23914767413385943	1.0	1.3333333333333333	0.0	0.0	0.5727485385804544	0.0	0.0	1.5	FALSE
61	F2	20241010_hplc_growth_experiment	1	0	0	0.13520000000000004	-0.014600000000000016	1.481766666666667	3.768388888888888		0.1834333333333335	0.03269126184948229	-0.2521719684926436	-0.3650131765883906	0.4019418066660607	0.33785828038008825	3.8333333333333335	0.6850559032289334	0.49841722910326186	1.0118111197828887	2.1666666666666665	3.8333333333333335	0.0	0.0	2.8558734144182205	1.8333333333333333	1.5	4.0	FALSE
61	F2	20241010_hplc_growth_experiment	1	0	0	0.13520000000000004	-0.014600000000000016	1.481766666666667	3.768388888888888		0.1834333333333335	0.03269126184948229	-0.6943680844724935	-2.5619305639515506	0.5846648436055559	0.46037292983100353	4.666666666666667	2.6385730502487124	-8.588486394855952	0.26269774130172713	5.666666666666667	5.166666666666667	1.5319886498431274	3.403964586590342	6.935712337765192	4.0	4.0	6.0	FALSE
62	F3	20241010_hplc_growth_experiment	1	0	0	0.1422	-0.034666666666666686	1.4601666666666668	3.7123722222222217		0.21140000000000006	0.044358761126570896	1.7648670195997558	0.8896613954049897	3.523464425427651	1.5092781660618098	1.3333333333333333	2.4918183856655713	-0.38568570416534537	0.2781692215401179	0.8333333333333334	1.3333333333333333	0.0	0.0	0.5377222051482129	0.0	0.0	1.5	FALSE
62	F3	20241010_hplc_growth_experiment	1	0	0	0.1422	-0.034666666666666686	1.4601666666666668	3.7123722222222217		0.21140000000000006	0.044358761126570896	-0.38092193591116014	-0.4843509343926176	0.21106933779352954	0.191503719573912	3.6666666666666665	0.7169258316658758	0.2552424771197273	0.9668324810522205	2.3333333333333335	3.6666666666666665	0.0	0.0	2.9348983413023944	1.8333333333333333	1.5	3.8333333333333335	FALSE
62	F3	20241010_hplc_growth_experiment	1	0	0	0.1422	-0.034666666666666686	1.4601666666666668	3.7123722222222217		0.21140000000000006	0.044358761126570896	-0.5983489578073227	-2.4451139741155785	0.6241977418169589	0.48501399652963184	4.666666666666667	1.585168081620234	-6.660032359149047	0.43727046273317893	5.833333333333333	5.166666666666667	1.5876166330954238	3.7932373235076904	7.9203191648904845	3.8333333333333335	3.8333333333333335	6.0	FALSE
63	F4	20241010_hplc_growth_experiment	1	0	0	0.13876666666666665	0.13526666666666665	1.7364333333333335	5.318583333333334		0.13876666666666665	0.0008429243765354377	2.846735932576185	1.1299064046640117	7.494501141674398	2.139419029641424	1.3333333333333333	3.590667051040967	0.4653916100026563	0.19304134042698157	1.0	1.3333333333333333	0.0	0.0	0.6647886070874636	0.0	0.0	1.5	FALSE
63	F4	20241010_hplc_growth_experiment	1	0	0	0.13876666666666665	0.13526666666666665	1.7364333333333335	5.318583333333334		0.13876666666666665	0.0008429243765354377	-0.8109296288492545	-1.1007460076865194	0.0	0.0	1.5	0.7738285516816185	-3.0414572794360044	0.8957374072766593	2.1666666666666665	1.6666666666666667	0.0	0.0	3.2362360736930023	2.0	1.5	3.8333333333333335	FALSE
63	F4	20241010_hplc_growth_experiment	1	0	0	0.13876666666666665	0.13526666666666665	1.7364333333333335	5.318583333333334		0.13876666666666665	0.0008429243765354377	0.8350952177763737	0.6762681181312917	0.7270775519888744	0.546430703766549	5.833333333333333	0.4055943063971337	0.2524747369125455	1.7089667424504156	4.333333333333333	5.833333333333333	0.0	0.0	3.8667116816721014	3.8333333333333335	3.8333333333333335	6.0	FALSE
64	F5	20241010_hplc_growth_experiment	1	0	0	0.15863333333333332	0.15863333333333332	1.7407	5.409488888888889		0.15863333333333332	0.00015502031801754764	2.8659144974176884	1.1942608532412229	6.154731785603652	1.967773926016988	1.3333333333333333	3.9115941314181346	-1.4230310301139975	0.17720324687895142	1.0	1.3333333333333333	0.0	0.0	0.6581173514836318	0.0	0.0	1.5	FALSE
64	F5	20241010_hplc_growth_experiment	1	0	0	0.15863333333333332	0.15863333333333332	1.7407	5.409488888888889		0.15863333333333332	0.00015502031801754764	-0.3320055129061132	-0.4468666739703406	0.2785155107265129	0.24569964764775576	3.6666666666666665	0.8480705898165017	0.40696344468892526	0.8173225069742397	2.0	3.6666666666666665	0.0	0.0	2.633732093030664	1.8333333333333333	1.5	3.8333333333333335	FALSE
64	F5	20241010_hplc_growth_experiment	1	0	0	0.15863333333333332	0.15863333333333332	1.7407	5.409488888888889		0.15863333333333332	0.00015502031801754764	0.8529125627171047	0.6894927057752225	0.7344386003708585	0.5506837877644151	5.833333333333333	0.4229940062088039	0.1860772117964686	1.6386690364065934	4.166666666666667	5.833333333333333	0.0	0.0	3.860461340654992	3.8333333333333335	3.8333333333333335	6.0	FALSE
65	F6	20241010_hplc_growth_experiment	1	0	0	0.15063333333333334	0.15063333333333334	1.8016	5.487338888888889		0.15063333333333334	0.0001483092932238054	1.7501274417870625	0.818807171615213	5.6345898165881945	1.8922968447108723	1.1666666666666667	4.098153356267598	2.6127442809419663	0.16913646716023106	1.0	1.1666666666666667	0.0	0.0	0.688494050880686	0.0	0.0	1.3333333333333333	FALSE
65	F6	20241010_hplc_growth_experiment	1	0	0	0.15063333333333334	0.15063333333333334	1.8016	5.487338888888889		0.15063333333333334	0.0001483092932238054	-1.0103742986980775	-1.4204339489719082	0.0	0.0	1.3333333333333333	0.7658683844999613	-3.616279491773132	0.9050473874992294	2.0	1.5	0.0	0.0	3.2578489050554102	1.8333333333333333	1.3333333333333333	3.8333333333333335	FALSE
65	F6	20241010_hplc_growth_experiment	1	0	0	0.15063333333333334	0.15063333333333334	1.8016	5.487338888888889		0.15063333333333334	0.0001483092932238054	0.8239739584254056	0.6704142419835439	0.7041789654023596	0.5330834495367893	5.833333333333333	0.46082505129127194	0.2622754158977233	1.5041438798035969	4.333333333333333	5.833333333333333	0.0	0.0	3.907046772177923	3.8333333333333335	3.8333333333333335	6.0	FALSE
67	F8	20241010_hplc_growth_experiment	1	0	0	0.15023333333333333	0.15023333333333333	1.7442	5.297055555555556		0.15023333333333333	0.0002951148349142927	0.036670806897255395	0.03324771670665852	0.21655860365850033	0.19602605607083579	0.3333333333333333	1.2798054882609027	1.2798054882609027	0.5416035381297252	0.3333333333333333	0.3333333333333333	0.0	0.0	0.18016470117094827	0.0	0.0	0.5	FALSE
67	F8	20241010_hplc_growth_experiment	1	0	0	0.15023333333333333	0.15023333333333333	1.7442	5.297055555555556		0.15023333333333333	0.0002951148349142927	1.1431128946962155	0.5357160337927733	4.370818294927318	1.6809802795797433	1.1666666666666667	4.653140225279469	1.8349853241158534	0.14896331230127813	1.0	1.1666666666666667	0.0	0.0	0.7673734554692704	0.5	0.5	1.3333333333333333	FALSE
67	F8	20241010_hplc_growth_experiment	1	0	0	0.15023333333333333	0.15023333333333333	1.7442	5.297055555555556		0.15023333333333333	0.0002951148349142927	-0.7435443862818554	-1.1049570289558006	0.0	0.0	1.3333333333333333	0.8085282677328449	-3.71795265370335	0.8572949248930601	2.5	1.5	0.0	0.0	3.396951308999208	1.8333333333333333	1.3333333333333333	2.8333333333333335	FALSE
67	F8	20241010_hplc_growth_experiment	1	0	0	0.15023333333333333	0.15023333333333333	1.7442	5.297055555555556		0.15023333333333333	0.0002951148349142927	2.899258604644598	1.9050141474319926	1.7899163914456802	1.0260116281604774	5.833333333333333	0.6204743691736015	0.24218376097934222	1.1171245985279543	3.1666666666666665	5.833333333333333	0.0	0.0	2.9260287458301044	2.8333333333333335	2.8333333333333335	6.0	FALSE
68	F9	20241010_hplc_growth_experiment	1	0	0	0.15483333333333332	0.15483333333333332	1.7504	5.2953722222222215		0.15483333333333332	0.0004163370120945993	2.0592685087365563	0.917511054505775	5.471858765778418	1.867463357172347	1.1666666666666667	3.952716801757542	-0.42807877294718577	0.17535968684924336	0.8333333333333334	1.1666666666666667	0.0	0.0	0.5913862681636473	0.0	0.0	1.3333333333333333	FALSE
68	F9	20241010_hplc_growth_experiment	1	0	0	0.15483333333333332	0.15483333333333332	1.7504	5.2953722222222215		0.15483333333333332	0.0004163370120945993	-0.32145866879745316	-0.47395672654408083	0.40431193984407066	0.3395474603015558	3.8333333333333335	0.8625676661246326	0.4316059639048737	0.8035858608915121	1.8333333333333333	3.8333333333333335	0.0	0.0	2.5515086258969144	1.6666666666666667	1.3333333333333333	4.0	FALSE
68	F9	20241010_hplc_growth_experiment	1	0	0	0.15483333333333332	0.15483333333333332	1.7504	5.2953722222222215		0.15483333333333332	0.0004163370120945993	0.6474645743050282	0.5401567470749891	0.6224970434216959	0.48396634735820476	5.833333333333333	0.4029385770233576	0.23653873396434805	1.720230377742573	4.333333333333333	5.833333333333333	0.0	0.0	4.0252328580282155	4.0	4.0	6.0	FALSE
69	F10	20241010_hplc_growth_experiment	1	0	0	0.13493333333333335	-0.0092	1.4464666666666666	3.6675111111111107		0.174	0.043689463708885025	1.5486221279613006	0.8031420882520351	3.7004371619527197	1.5476555175719848	1.1666666666666667	2.597443409434298	0.3781186817464674	0.26685747148227845	0.8333333333333334	1.1666666666666667	0.0	0.0	0.47201894899854135	0.0	0.0	1.3333333333333333	FALSE
69	F10	20241010_hplc_growth_experiment	1	0	0	0.13493333333333335	-0.0092	1.4464666666666666	3.6675111111111107		0.174	0.043689463708885025	-0.5030058175300919	-0.6473872983882422	0.18336712267993627	0.16836386878895726	3.6666666666666665	0.7100356999779782	0.39064434413105875	0.976214548904292	2.1666666666666665	3.6666666666666665	0.0	0.0	2.9190950199993986	1.3333333333333333	1.3333333333333333	3.8333333333333335	FALSE
69	F10	20241010_hplc_growth_experiment	1	0	0	0.13493333333333335	-0.0092	1.4464666666666666	3.6675111111111107		0.174	0.043689463708885025	-0.5901094991886101	-1.8609689830432297	0.6142367689538109	0.47886225608620925	4.666666666666667	2.388335001783505	-6.54320849838466	0.2902219244964936	5.666666666666667	5.0	1.4749402752955902	2.4500128257535803	6.633282286415722	3.8333333333333335	3.8333333333333335	6.0	FALSE
70	F11	20241010_hplc_growth_experiment	1	0	0	0.12813333333333338	0.12696666666666664	1.7410666666666663	5.0933111111111105		0.12813333333333338	0.0012599853694023962	2.2073189285762753	0.9493547728063731	5.373229815945881	1.8521063765553327	1.1666666666666667	3.5994757679485074	-0.3074587311484143	0.19256892537854173	0.8333333333333334	1.1666666666666667	0.0	0.0	0.5075071100616806	0.0	0.0	1.3333333333333333	FALSE
70	F11	20241010_hplc_growth_experiment	1	0	0	0.12813333333333338	0.12696666666666664	1.7410666666666663	5.0933111111111105		0.12813333333333338	0.0012599853694023962	-0.3419861164581094	-0.464342329576888	0.30190441347251395	0.2638281259396744	3.5	0.9193763912013433	0.43101301066494185	0.7539318903482112	2.0	3.5	0.0	0.0	2.56766052859473	1.8333333333333333	1.3333333333333333	3.6666666666666665	FALSE
70	F11	20241010_hplc_growth_experiment	1	0	0	0.12813333333333338	0.12696666666666664	1.7410666666666663	5.0933111111111105		0.12813333333333338	0.0012599853694023962	1.106829229055539	0.8624810826865444	0.9130487517983708	0.6486981746071876	5.833333333333333	0.45125620962008833	0.22423341082601045	1.5360390965999215	4.0	5.833333333333333	0.0	0.0	3.687978696230432	3.6666666666666665	3.6666666666666665	6.0	FALSE
73	G2	20241010_hplc_growth_experiment	1	0	0	0.1532	0.1532	1.7195333333333331	5.103505555555555		0.1532	0.00018528363188240836	2.084713859480062	0.963424180082233	4.217096556364262	1.6519410318935697	1.3333333333333333	3.1591425595654132	-1.2586336515443701	0.21940990869854823	1.0	1.3333333333333333	0.0	0.0	0.6063249724759466	0.0	0.0	1.5	FALSE
73	G2	20241010_hplc_growth_experiment	1	0	0	0.1532	0.1532	1.7195333333333331	5.103505555555555		0.1532	0.00018528363188240836	-0.06189059474078548	-0.14041824029024058	0.4844350923836671	0.3950342907114921	3.5	0.7329133078796035	0.4996524408330496	0.945742386047395	2.6666666666666665	3.5	0.0	0.0	2.741481590103105	1.8333333333333333	1.5	3.6666666666666665	FALSE
73	G2	20241010_hplc_growth_experiment	1	0	0	0.1532	0.1532	1.7195333333333331	5.103505555555555		0.1532	0.00018528363188240836	1.0311808629643908	0.8121955759569628	0.8249394084553123	0.6015467856368903	5.833333333333333	0.45818925448607006	0.2263483446693937	1.5127966746784947	4.166666666666667	5.833333333333333	0.0	0.0	3.770814168751056	3.6666666666666665	3.6666666666666665	6.0	FALSE
74	G3	20241010_hplc_growth_experiment	1	0	0	0.1285	0.1234	1.7614333333333332	5.306622222222222		0.1285	0.0008149433569849981	3.079075084959012	1.162491592030658	6.732302488825747	2.0454066822603325	1.3333333333333333	3.5251548122974654	-0.6907482812163683	0.19662886240964755	0.8333333333333334	1.3333333333333333	0.0	0.0	0.5763479546299373	0.0	0.0	1.5	FALSE
74	G3	20241010_hplc_growth_experiment	1	0	0	0.1285	0.1234	1.7614333333333332	5.306622222222222		0.1285	0.0008149433569849981	1.3344150956201442	0.6928611586020608	1.265036232771711	0.8175907556157522	5.833333333333333	0.8973402939583504	0.20062104831932973	0.7724462895813273	2.1666666666666665	5.833333333333333	0.0	0.0	2.8089393262278843	2.0	1.5	6.0	FALSE
75	G4	20241010_hplc_growth_experiment	1	0	0	0.15139999999999998	-0.01100000000000001	1.5204333333333333	3.8265277777777773		0.1964	0.02845087950942214	1.74950236546186	0.8595773322119892	3.9209049745482467	1.5934924515060227	1.3333333333333333	2.792313921389225	-0.5298782447209728	0.24823397371277384	1.0	1.3333333333333333	0.0	0.0	0.6204128733436736	0.0	0.0	1.5	TRUE
75	G4	20241010_hplc_growth_experiment	1	0	0	0.15139999999999998	-0.01100000000000001	1.5204333333333333	3.8265277777777773		0.1964	0.02845087950942214	-0.3918348420275482	-0.4837858354912637	0.0	0.0	1.5	0.7033773777223707	-2.4613150996529005	0.9854556067817362	2.0	1.5	0.0	0.0	2.7895039805562103	1.6666666666666667	1.5	3.0	TRUE
75	G4	20241010_hplc_growth_experiment	1	0	0	0.15139999999999998	-0.01100000000000001	1.5204333333333333	3.8265277777777773		0.1964	0.02845087950942214	0.39567979470864095	0.3293694006246435	0.6475298486111765	0.4992771047485698	4.166666666666667	0.534750413569253	0.534750413569253	1.296206908814628	4.166666666666667	4.166666666666667	0.0	0.0	3.23300286374207	3.0	3.0	4.333333333333333	TRUE
75	G4	20241010_hplc_growth_experiment	1	0	0	0.15139999999999998	-0.01100000000000001	1.5204333333333333	3.8265277777777773		0.1964	0.02845087950942214	0.11836525367027659	0.09853022008088541	0.4976238439768239	0.40387974807332894	4.833333333333333	2.3296977180527363	-1.6157680965131402	0.2975266598704093	4.666666666666667	4.833333333333333	0.0	0.0	4.574341272788363	4.333333333333333	4.333333333333333	5.0	TRUE
75	G4	20241010_hplc_growth_experiment	1	0	0	0.15139999999999998	-0.01100000000000001	1.5204333333333333	3.8265277777777773		0.1964	0.02845087950942214	-0.6975712115639043	-1.6162092584907854	0.0	0.0	5.0	5.947225757784275	-10.978059729049164	0.11654966681779158	5.5	5.0	0.0	0.0	5.848600951245254	5.333333333333333	5.0	6.0	TRUE
76	G5	20241010_hplc_growth_experiment	1	0	0	0.1621	0.15329999999999994	1.7852333333333334	5.3447		0.1621	0.00022007222372037328	4.696884949285395	2.383773908994333	4.395441448560966	1.6855544208604367	1.3333333333333333	3.1954612948775734	-2.481021432916399	0.21691615594627367	1.0	1.5	1.8121044467566598	0.4092599311960574	0.6307196091495553	0.16666666666666666	0.0	2.8333333333333335	FALSE
76	G5	20241010_hplc_growth_experiment	1	0	0	0.1621	0.15329999999999994	1.7852333333333334	5.3447		0.1621	0.00022007222372037328	2.856872705859338	1.8928647232864648	1.721418490664112	1.0011532482926244	5.833333333333333	0.5683034713795193	0.28314342437393697	1.2196778930056085	3.3333333333333335	5.833333333333333	0.0	0.0	2.898920702664118	2.8333333333333335	2.8333333333333335	6.0	FALSE
77	G6	20241010_hplc_growth_experiment	1	0	0	0.1602	-0.036333333333333336	1.4933333333333332	3.9046499999999997		0.22296666666666667	0.06688080567623063	2.323296868016632	1.1575166925454994	3.6531450271258645	1.5375433408972785	1.5	2.200479144060288	-1.0656035666105452	0.3149982959079364	1.0	1.6666666666666667	0.37801147270270263	0.0847279981957989	0.6680665729523131	0.0	0.0	1.8333333333333333	FALSE
77	G6	20241010_hplc_growth_experiment	1	0	0	0.1602	-0.036333333333333336	1.4933333333333332	3.9046499999999997		0.22296666666666667	0.06688080567623063	-0.22104341927101645	-0.27006343106353115	0.14176552704979284	0.13257577233343332	3.3333333333333335	0.8137408038945358	0.33631145342501206	0.8518033964163606	2.6666666666666665	3.3333333333333335	0.0	0.0	2.94601614248771	2.1666666666666665	1.8333333333333333	3.5	FALSE
77	G6	20241010_hplc_growth_experiment	1	0	0	0.1602	-0.036333333333333336	1.4933333333333332	3.9046499999999997		0.22296666666666667	0.06688080567623063	-0.4326834360715279	-1.7975921990161787	0.7572570864425829	0.5637541197546541	4.5	1.5934052174714	-5.018043926871331	0.4350099855075858	5.833333333333333	5.0	1.676265283192127	3.077161443623671	7.410714464203221	3.5	3.5	6.0	FALSE
79	G8	20241010_hplc_growth_experiment	1	0	0	0.152	0.1384	1.8012333333333337	5.217033333333333		0.152	0.0003473382230561669	1.8469720045544595	0.7916978853024691	5.657478541382075	1.895740815476133	1.1666666666666667	3.9381412792212633	0.21550881371836378	0.17600871360740256	0.8333333333333334	1.1666666666666667	0.0	0.0	0.6281321019602357	0.16666666666666666	0.0	1.3333333333333333	FALSE
79	G8	20241010_hplc_growth_experiment	1	0	0	0.152	0.1384	1.8012333333333337	5.217033333333333		0.152	0.0003473382230561669	-0.5444759176292706	-0.7387908475324471	0.24215520902206933	0.21684794271005825	3.6666666666666665	0.8876102497478846	0.41789888758971583	0.7809138985909927	1.8333333333333333	3.6666666666666665	0.0	0.0	2.6824592938468967	1.6666666666666667	1.3333333333333333	3.8333333333333335	FALSE
79	G8	20241010_hplc_growth_experiment	1	0	0	0.152	0.1384	1.8012333333333337	5.217033333333333		0.152	0.0003473382230561669	0.8417015710843987	0.6807344517080505	0.7424901142271878	0.5553151903091531	5.833333333333333	0.42736063234234944	0.32669277283467013	1.6219256714424737	4.333333333333333	5.833333333333333	0.0	0.0	3.8810879860340095	3.8333333333333335	3.8333333333333335	6.0	FALSE
80	G9	20241010_hplc_growth_experiment	1	0	0	0.1509	0.1405	1.7948333333333335	5.204266666666666		0.1509	0.0007673738751313371	1.8662354030659078	0.8301647729089623	4.995919620959133	1.7910791747067238	1.1666666666666667	3.7941280798998256	-0.2473519196521633	0.1826894522175029	0.8333333333333334	1.1666666666666667	0.0	0.0	0.5764779007167837	0.0	0.0	1.3333333333333333	FALSE
80	G9	20241010_hplc_growth_experiment	1	0	0	0.1509	0.1405	1.7948333333333335	5.204266666666666		0.1509	0.0007673738751313371	-0.3436459827676699	-0.4903246233607073	0.37642555174047754	0.31948995895114685	3.6666666666666665	0.7599892338936924	0.45796337672067855	0.9120486839118868	1.8333333333333333	3.6666666666666665	0.0	0.0	2.6986057358778432	1.8333333333333333	1.3333333333333333	3.8333333333333335	FALSE
80	G9	20241010_hplc_growth_experiment	1	0	0	0.1509	0.1405	1.7948333333333335	5.204266666666666		0.1509	0.0007673738751313371	0.8322023611449436	0.6740609320094914	0.7490546049946865	0.5590754162436127	5.833333333333333	0.4049895782367383	0.27207452339745414	1.7115185619783115	4.333333333333333	5.833333333333333	0.0	0.0	3.872498421089158	3.8333333333333335	3.8333333333333335	6.0	FALSE
81	G10	20241010_hplc_growth_experiment	1	0	0	0.13753333333333334	0.13753333333333334	1.7858	5.184816666666667		0.13753333333333334	0.0005207477538177777	2.15864642095419	0.8923226098750507	6.234020067926875	1.9787949076381506	1.1666666666666667	4.158606672447959	0.14000801074241948	0.16667774453214276	0.8333333333333334	1.1666666666666667	0.0	0.0	0.6014429782076851	0.0	0.0	1.3333333333333333	FALSE
81	G10	20241010_hplc_growth_experiment	1	0	0	0.13753333333333334	0.13753333333333334	1.7858	5.184816666666667		0.13753333333333334	0.0005207477538177777	-0.5509771925977391	-0.7759407833531046	0.3005471506528945	0.26278506103780574	3.8333333333333335	0.752290816556256	0.4018640156567549	0.9213819513748006	2.5	3.8333333333333335	0.0	0.0	3.1133895720465086	1.8333333333333333	1.3333333333333333	4.0	FALSE
81	G10	20241010_hplc_growth_experiment	1	0	0	0.13753333333333334	0.13753333333333334	1.7858	5.184816666666667		0.13753333333333334	0.0005207477538177777	0.6440626736245237	0.5374720716025682	0.6394763654560576	0.4943769014963455	5.833333333333333	0.38418934541543276	0.32161283974787686	1.8041811643954606	4.333333333333333	5.833333333333333	0.0	0.0	4.007952372801109	4.0	4.0	6.0	FALSE
82	G11	20241010_hplc_growth_experiment	1	0	0	0.14243333333333336	0.14243333333333336	1.7708000000000002	5.165983333333332		0.14243333333333336	0.0010713118101997033	2.094368470828253	0.9679537272068395	5.081631198573229	1.8052729492339714	1.1666666666666667	3.5235461167271427	-0.20533713010574234	0.19671863446583107	0.8333333333333334	1.1666666666666667	0.0	0.0	0.532808065250092	0.0	0.0	1.3333333333333333	FALSE
82	G11	20241010_hplc_growth_experiment	1	0	0	0.14243333333333336	0.14243333333333336	1.7708000000000002	5.165983333333332		0.14243333333333336	0.0010713118101997033	-0.48766034673287584	-0.6091019639796973	0.0	0.0	1.3333333333333333	0.7071508814229129	-2.3116751947025733	0.9801970113721845	2.6666666666666665	1.3333333333333333	0.0	0.0	2.9769193087176897	1.8333333333333333	1.3333333333333333	3.0	FALSE
82	G11	20241010_hplc_growth_experiment	1	0	0	0.14243333333333336	0.14243333333333336	1.7708000000000002	5.165983333333332		0.14243333333333336	0.0010713118101997033	0.14944721751906698	0.1317168858755038	0.3871924802978215	0.3272819062522143	3.6666666666666665	0.545663649917705	0.45839616643578546	1.27028285769903	3.5	3.6666666666666665	0.0	0.0	3.054963976248888	3.0	3.0	3.8333333333333335	FALSE
82	G11	20241010_hplc_growth_experiment	1	0	0	0.14243333333333336	0.14243333333333336	1.7708000000000002	5.165983333333332		0.14243333333333336	0.0010713118101997033	0.8112964987546007	0.6600475241988983	0.7497884794416274	0.559494911739691	5.833333333333333	0.39110515455664735	0.28911325330322984	1.7722783054232296	4.166666666666667	5.833333333333333	0.0	0.0	3.851588434449074	3.8333333333333335	3.8333333333333335	6.0	FALSE
85	H2	20241010_hplc_growth_experiment	1	0	0	0.15050000000000002	0.1486	1.8298333333333328	5.199888888888888		0.15050000000000002	0.00035273535100397265	1.0424931277148364	0.5965955851964277	2.612730535058764	1.2844638673356223	1.1666666666666667	2.5339913255107946	0.26299928772834347	0.27353968167993736	0.8333333333333334	1.1666666666666667	0.0	0.0	0.5424137275788982	0.0	0.0	1.3333333333333333	FALSE
85	H2	20241010_hplc_growth_experiment	1	0	0	0.15050000000000002	0.1486	1.8298333333333328	5.199888888888888		0.15050000000000002	0.00035273535100397265	-0.043723302869689555	-0.08227817385447223	0.3515575580706869	0.3012576741151065	3.0	0.7738419683962063	0.5114887123308388	0.8957218771637552	2.0	3.0	0.0	0.0	2.296348528142359	1.8333333333333333	1.3333333333333333	3.1666666666666665	FALSE
85	H2	20241010_hplc_growth_experiment	1	0	0	0.15050000000000002	0.1486	1.8298333333333328	5.199888888888888		0.15050000000000002	0.00035273535100397265	0.14056561752026192	0.1252720616520235	0.34641384334833636	0.2974446455917037	3.8333333333333335	0.4663868085504135	0.4077255750945655	1.4862066590483776	3.1666666666666665	3.8333333333333335	0.0	0.0	3.1666666666666665	3.1666666666666665	3.1666666666666665	4.0	FALSE
85	H2	20241010_hplc_growth_experiment	1	0	0	0.15050000000000002	0.1486	1.8298333333333328	5.199888888888888		0.15050000000000002	0.00035273535100397265	0.6481461329112834	0.5415818878317884	0.5977897221164616	0.4686212505231866	5.833333333333333	0.3865064643645723	0.2709063251348653	1.7933650390543896	4.0	5.833333333333333	0.0	0.0	4.0	4.0	4.0	6.0	FALSE
86	H3	20241010_hplc_growth_experiment	1	0	0	0.1476	0.1229	1.7820333333333331	5.216205555555554		0.1476	0.0004861105665057212	2.292922766297126	0.951644377766326	6.194040527561381	1.9732529787801356	1.5	3.418680064713717	0.2285895489614467	0.20275286585438054	1.1666666666666667	1.5	0.0	0.0	0.8531122808071205	0.0	0.0	1.6666666666666667	FALSE
86	H3	20241010_hplc_growth_experiment	1	0	0	0.1476	0.1229	1.7820333333333331	5.216205555555554		0.1476	0.0004861105665057212	-0.5658493083900925	-0.7396974851219894	0.08193740864844923	0.07875333092151027	3.6666666666666665	0.9344426172088733	0.40487406099889817	0.7417760789103737	2.1666666666666665	3.6666666666666665	0.0	0.0	2.9737175876458672	2.1666666666666665	1.6666666666666667	3.8333333333333335	FALSE
86	H3	20241010_hplc_growth_experiment	1	0	0	0.1476	0.1229	1.7820333333333331	5.216205555555554		0.1476	0.0004861105665057212	0.8631519699231616	0.6951391164532046	0.7403911431106249	0.5541098828550157	5.833333333333333	0.4436961773592499	0.3638742718884877	1.5622112966700659	4.166666666666667	5.833333333333333	0.0	0.0	3.8818752690361085	3.8333333333333335	3.8333333333333335	6.0	FALSE
87	H4	20241010_hplc_growth_experiment	1	0	0	0.12893333333333334	0.1082666666666667	1.7634666666666667	5.045516666666666		0.12893333333333334	6.240028746814797e-05	-0.04988984364906265	-0.0538204240163645	0.0	0.0	0.0	1.4055890978342944	-0.7593678309167455	0.49313642345969644	0.5	0.0	0.0	0.0	0.5069545096336171	0.3333333333333333	0.0	0.6666666666666666	FALSE
87	H4	20241010_hplc_growth_experiment	1	0	0	0.12893333333333334	0.1082666666666667	1.7634666666666667	5.045516666666666		0.12893333333333334	6.240028746814797e-05	1.8698911872725428	0.8277559802033081	4.894618784625951	1.7740398643200013	1.5	3.915222271083669	-0.7822365503101579	0.17703903701183576	1.1666666666666667	1.5	0.0	0.0	0.9164863798356842	0.6666666666666666	0.6666666666666666	1.6666666666666667	FALSE
87	H4	20241010_hplc_growth_experiment	1	0	0	0.12893333333333334	0.1082666666666667	1.7634666666666667	5.045516666666666		0.12893333333333334	6.240028746814797e-05	-0.2793636421343326	-0.3705129806306472	0.2749195030659779	0.24288304176708753	3.5	0.7418613217209249	0.4652669494677483	0.9343352460430536	2.1666666666666665	3.5	0.0	0.0	2.8427922663395973	2.0	1.6666666666666667	3.6666666666666665	FALSE
87	H4	20241010_hplc_growth_experiment	1	0	0	0.12893333333333334	0.1082666666666667	1.7634666666666667	5.045516666666666		0.12893333333333334	6.240028746814797e-05	1.0510462826428058	0.8260660755971508	0.8216365191489285	0.5997352834084053	5.833333333333333	0.4641463966465131	0.3231153074819206	1.493380505736934	4.166666666666667	5.833333333333333	0.0	0.0	3.7635985248929966	3.6666666666666665	3.6666666666666665	6.0	FALSE
88	H5	20241010_hplc_growth_experiment	1	0	0	0.1638	0.1474	1.846633333333333	5.235766666666666		0.1638	0.00019063848570485868	1.0231943239429944	0.5169767508002052	3.447400466713079	1.4923197607038463	1.1666666666666667	3.249877450103401	1.2444787655961354	0.21328409800126202	1.0	1.1666666666666667	0.0	0.0	0.6639101299133439	0.16666666666666666	0.0	1.3333333333333333	FALSE
88	H5	20241010_hplc_growth_experiment	1	0	0	0.1638	0.1474	1.846633333333333	5.235766666666666		0.1638	0.00019063848570485868	-0.3849838659166957	-0.5329465314951932	0.34324692090217135	0.2950897583495873	3.6666666666666665	0.6561986264510541	0.4206813408244184	1.0563069665487135	2.5	3.6666666666666665	0.0	0.0	3.011441163728337	1.8333333333333333	1.3333333333333333	3.8333333333333335	FALSE
88	H5	20241010_hplc_growth_experiment	1	0	0	0.1638	0.1474	1.846633333333333	5.235766666666666		0.1638	0.00019063848570485868	0.8174838224238725	0.6655002207426524	0.6804878988449568	0.519084167231751	5.833333333333333	0.4450041786482392	0.3319188796155342	1.557619487227006	4.333333333333333	5.833333333333333	0.0	0.0	3.9081457528100043	3.8333333333333335	3.8333333333333335	6.0	FALSE
89	H6	20241010_hplc_growth_experiment	1	0	0	0.1643	0.14069999999999994	1.7973333333333334	5.1409166666666675		0.1643	0.0001640335470844937	1.6628247418432864	0.750289478162165	4.162643584659092	1.6414487709094017	1.3333333333333333	3.7959382006840636	-1.1197559920867894	0.18260233542132842	1.0	1.3333333333333333	0.0	0.0	0.7407970966530695	0.3333333333333333	0.0	1.5	FALSE
89	H6	20241010_hplc_growth_experiment	1	0	0	0.1643	0.14069999999999994	1.7973333333333334	5.1409166666666675		0.1643	0.0001640335470844937	-0.005921644501401591	-0.11012508086389886	0.576927027025776	0.45547803362286343	3.6666666666666665	0.7107298092886565	0.48777312547633034	0.9752611632452718	2.0	3.6666666666666665	0.0	0.0	2.5894324187101834	1.8333333333333333	1.5	3.8333333333333335	FALSE
89	H6	20241010_hplc_growth_experiment	1	0	0	0.1643	0.14069999999999994	1.7973333333333334	5.1409166666666675		0.1643	0.0001640335470844937	0.8376565545091932	0.6784328324607651	0.7292321302989568	0.5476774546582364	5.833333333333333	0.4125176752560289	0.30393640024045115	1.6802848026566226	4.166666666666667	5.833333333333333	0.0	0.0	3.8649835436974858	3.8333333333333335	3.8333333333333335	6.0	FALSE
90	H7	20241010_hplc_growth_experiment	1	0	0	0.005599999999999994	0.0012333333333333085	0.020233333333333357	0.04771666666666666		0.005599999999999994	5.121277153178603e-06	-1.214092872171857	-1.7996678727500135	0.20436813296415357	0.18595505842796878	0.3333333333333333	0.9506368538633767	-0.9094138612407521	0.7291398158434564	3.1666666666666665	1.8333333333333333	0.48513490929935277	0.5155246600126566	3.8673743182833755	0.0	0.0	4.0	TRUE
90	H7	20241010_hplc_growth_experiment	1	0	0	0.005599999999999994	0.0012333333333333085	0.020233333333333357	0.04771666666666666		0.005599999999999994	5.121277153178603e-06	0.35929873972772985	0.2707436980105492	0.6429675354933126	0.4965040795740419	5.666666666666667	0.8372097205258615	-0.19270653337634613	0.8279253854393511	5.166666666666667	5.833333333333333	0.010928578760110996	0.006673952769718716	4.90168303806218	4.0	4.0	6.0	TRUE
91	H8	20241010_hplc_growth_experiment	1	0	0	0.1532	0.14459999999999998	1.8442333333333332	5.1765333333333325		0.1532	0.00035493312204805746	1.3279077295449544	0.6214749929097951	4.243164068224676	1.6569251459149525	1.1666666666666667	3.9266767384029646	0.23575921675359607	0.1765225983032813	0.8333333333333334	1.1666666666666667	0.0	0.0	0.6739622067379276	0.0	0.0	1.3333333333333333	FALSE
91	H8	20241010_hplc_growth_experiment	1	0	0	0.1532	0.14459999999999998	1.8442333333333332	5.1765333333333325		0.1532	0.00035493312204805746	-0.12008425395600521	-0.2718356772470414	0.5795099650920488	0.45711465025690945	3.8333333333333335	0.679858688890487	0.42279656070915206	1.019545961369038	2.5	3.8333333333333335	0.0	0.0	2.8086326162587842	1.6666666666666667	1.3333333333333333	4.0	FALSE
91	H8	20241010_hplc_growth_experiment	1	0	0	0.1532	0.14459999999999998	1.8442333333333332	5.1765333333333325		0.1532	0.00035493312204805746	0.6760509609463514	0.5608179484086638	0.6446108034538816	0.4975037625795866	5.833333333333333	0.4091479217790424	0.3902657803329602	1.694123674259489	4.333333333333333	5.833333333333333	0.0	0.0	4.019809144356218	4.0	4.0	6.0	FALSE
92	H9	20241010_hplc_growth_experiment	1	0	0	0.16749999999999998	0.16019999999999998	1.7859333333333334	5.086166666666667		0.16749999999999998	0.0004283158212058224	1.329916574512004	0.6739088642679227	3.465475402744179	1.4963756818395832	1.1666666666666667	3.4055760217819584	-0.36916610399662103	0.20353302235116688	0.8333333333333334	1.1666666666666667	0.0	0.0	0.591546937891734	0.0	0.0	1.3333333333333333	FALSE
92	H9	20241010_hplc_growth_experiment	1	0	0	0.16749999999999998	0.16019999999999998	1.7859333333333334	5.086166666666667		0.16749999999999998	0.0004283158212058224	-0.32159038729559863	-0.38141941644895233	0.0	0.0	1.3333333333333333	0.6846418192764815	-2.138356762248095	1.0124230817399558	1.8333333333333333	1.3333333333333333	0.0	0.0	2.476129726542315	1.6666666666666667	1.3333333333333333	2.8333333333333335	FALSE
92	H9	20241010_hplc_growth_experiment	1	0	0	0.16749999999999998	0.16019999999999998	1.7859333333333334	5.086166666666667		0.16749999999999998	0.0004283158212058224	0.23495603944506532	0.20104150276575122	0.5013739540959796	0.40638065826150593	3.6666666666666665	0.5490878293978689	0.4100267659646302	1.2623612170024825	3.3333333333333335	3.6666666666666665	0.0	0.0	2.890579780835106	2.8333333333333335	2.8333333333333335	3.8333333333333335	FALSE
92	H9	20241010_hplc_growth_experiment	1	0	0	0.16749999999999998	0.16019999999999998	1.7859333333333334	5.086166666666667		0.16749999999999998	0.0004283158212058224	0.8474868292343418	0.6836797062297449	0.7600238565809507	0.5653273638337342	5.833333333333333	0.42151958962204916	0.3385708781221951	1.6444008715738407	4.333333333333333	5.833333333333333	0.0	0.0	3.8937678294038585	3.8333333333333335	3.8333333333333335	6.0	FALSE
93	H10	20241010_hplc_growth_experiment	1	0	0	0.14753333333333335	0.13573333333333334	1.8271	5.120066666666666		0.14753333333333335	0.0002543529678082034	0.7282118614679862	0.432323361521605	2.1790336962213543	1.1565772815017301	1.0	2.564122933292535	0.6865839169733666	0.2703252529588704	0.6666666666666666	1.0	0.0	0.0	0.4676803634262265	0.0	0.0	1.1666666666666667	FALSE
93	H10	20241010_hplc_growth_experiment	1	0	0	0.14753333333333335	0.13573333333333334	1.8271	5.120066666666666		0.14753333333333335	0.0002543529678082034	4.692087892234814	2.616822199536285	2.696252706816545	1.3073195244985314	5.833333333333333	0.6897042807456035	0.2640701807902625	1.0049918492757792	1.8333333333333333	5.833333333333333	0.0	0.0	2.2026197666403826	1.6666666666666667	1.1666666666666667	6.0	FALSE
94	H11	20241010_hplc_growth_experiment	1	0	0	0.14893333333333336	0.12633333333333333	1.7913	5.016783333333334		0.14893333333333336	0.0026433812669972166	1.4688207778434093	0.71089793718437	3.460490790612071	1.4952588027158473	1.3333333333333333	3.05332766254264	-0.49455157087324675	0.2270136903625768	0.8333333333333334	1.3333333333333333	0.0	0.0	0.6739126182536643	0.0	0.0	1.5	FALSE
94	H11	20241010_hplc_growth_experiment	1	0	0	0.14893333333333336	0.12633333333333333	1.7913	5.016783333333334		0.14893333333333336	0.0026433812669972166	0.44998678867110276	0.2294939254222257	0.9694712041002356	0.6777650824030415	4.166666666666667	0.9634555683549985	0.36303105584366396	0.7194386573979981	2.1666666666666665	4.166666666666667	0.0	0.0	2.526344878037282	2.0	1.5	4.333333333333333	FALSE
94	H11	20241010_hplc_growth_experiment	1	0	0	0.14893333333333336	0.12633333333333333	1.7913	5.016783333333334		0.14893333333333336	0.0026433812669972166	0.41409271613870563	0.35763602359939706	0.4937038241684508	0.40125882352929976	5.833333333333333	0.3628354015101691	0.1883392151801399	1.910362598784393	4.666666666666667	5.833333333333333	0.0	0.0	4.3444033062740015	4.333333333333333	4.333333333333333	6.0	FALSE
