Sample_ID	Well	Plate_ID	Group	Control	Flag	OD_Baseline	OD_Min	OD_Max	OD_Emp_AUC	Fold_Change	OD_Offset	auc_lin	auc_log	k_lin	k_log	death_lin	death_log	gr	dr	td	lagC	lagP	t_k	t_gr	t_dr	diauxie	MSE	K_Error > 20%
0	A1	20241010_hplc_growth_experiment	1	0	0	0.006933333333333319	-0.002566666666666661	0.012500000000000013	0.012794444444444443		0.011033333333333312	-0.009741373636398553	-3.9765654273894944	0.0	-0.39705905986677303	0.0	0.0	0.28893839117251313	-0.6007577136134049	2.398944556128908	4.610491212486643	0.8333333333333334	0.0	2.0	0.0	0.0	5.698578765972964e-06	TRUE
1	A2	20241010_hplc_growth_experiment	1	0	0	0.1557333333333333	-0.03549999999999999	1.4743	3.7957944444444442		0.20396666666666663	2.394087034138014	4.992433309689517	1.1787485125882826	1.8995194181714017	1.2171131076991062	2.2343401494496757	1.670682898574287	-3.238420286467516	0.4148885351920806	0.33730543213955544	0.0	4.333333333333333	0.6666666666666666	5.0	1.0	0.07859639436564823	FALSE
2	A3	20241010_hplc_growth_experiment	1	0	0	0.14433333333333334	0.13410000000000002	1.8314666666666668	5.35671111111111		0.14433333333333334	4.476547247294005	9.67427255985093	1.6589265038831496	2.52333505563076	0.0	0.0	3.928365999242331	-0.059552441010758586	0.17644669073442584	0.5573025743592499	0.0	6.0	0.8333333333333334	6.0	1.0	0.0006376388201304731	FALSE
3	A4	20241010_hplc_growth_experiment	1	0	0	0.14986666666666668	0.1332333333333333	1.7590333333333334	5.049633333333333		0.14986666666666668	4.111644822437134	9.026845157666827	1.5843582253548318	2.448814550262684	0.0	0.0	3.7699405214907613	-0.13059669105176824	0.18386156932944173	0.5765581818665749	0.0	6.0	0.8333333333333334	6.0	0.0	0.0007098726056851346	FALSE
4	A5	20241010_hplc_growth_experiment	1	0	0	0.15723333333333336	0.14433333333333334	1.8160333333333332	5.2469		0.15723333333333336	4.2854102366267055	8.99751916706036	1.6329626760803242	2.430391849964995	0.0	0.0	3.709075180605095	-0.17154364171100242	0.18687870879092452	0.59959232991476	0.0	6.0	0.8333333333333334	6.0	1.0	0.0007330525705403864	FALSE
5	A6	20241010_hplc_growth_experiment	1	0	0	0.15813333333333335	0.13853333333333331	1.8108333333333333	5.1640999999999995		0.15813333333333335	4.200200232497264	8.850970170415849	1.6328836881416053	2.4255218965879273	0.0	0.0	3.9069499834507875	0.05881816793549332	0.17741388640653333	0.6118089874965813	0.0	6.0	0.8333333333333334	6.0	1.0	0.00028409946304391176	FALSE
6	A7	20241010_hplc_growth_experiment	1	0	0	0.01733333333333334	0.01733333333333334	0.05099999999999999	0.2602		0.01733333333333334	0.09843716954281026	5.32447058802377	0.02146023862681869	0.9978411049091197	0.01103846777548615	0.2675980661526437	0.8138597574325722	-0.2306820807850707	0.8516788970455663	-0.47698999265416625	0.0	1.5	0.0	4.666666666666667	0.0	3.120184520835277e-05	TRUE
7	A8	20241010_hplc_growth_experiment	1	0	0	0.14793333333333336	0.14403333333333332	1.7758333333333334	5.140599999999999		0.14793333333333336	4.2250789201417085	9.253153755466652	1.6048570007860665	2.4716055240055725	0.0	0.0	3.5687372187991624	-0.11641525551526614	0.19422757632829604	0.5363650939318001	0.0	6.0	0.8333333333333334	6.0	1.0	0.0005093041483612153	FALSE
8	A9	20241010_hplc_growth_experiment	1	0	0	0.14623333333333333	0.12883333333333333	1.8047333333333333	5.054183333333333		0.14623333333333333	4.144611915217623	9.16996420595508	1.6406114472001347	2.503260507358082	0.0	0.0	3.924351683792601	-0.040693729033465645	0.17662718237578262	0.4783865643158821	0.0	6.0	0.6666666666666666	6.0	1.0	0.00023295766862134853	FALSE
9	A10	20241010_hplc_growth_experiment	1	0	0	0.12733333333333333	0.12733333333333333	1.862933333333333	5.111633333333334		0.12733333333333333	4.390067336028227	10.033604792856188	1.6759324469089871	2.6438823567005	0.0	0.0	1.6380706868873751	-0.04661854817409641	0.42314851618341814	0.06837213131542211	0.0	6.0	0.16666666666666666	6.0	1.0	0.0008651647983985235	FALSE
10	A11	20241010_hplc_growth_experiment	1	0	0	0.14016666666666666	0.14016666666666666	1.9108666666666667	5.155083333333334		0.14016666666666666	4.281124440193169	9.534072417113496	1.733135514997254	2.5919017718166133	0.0	0.0	3.4578657582537264	-0.18231558436657277	0.20045520243388365	0.7157622026202735	0.0	6.0	1.0	6.0	1.0	0.0017029530469108997	FALSE
11	A12	20241010_hplc_growth_experiment	1	0	0	-0.001333333333333353	-0.02116666666666667	0.021766666666666684	-0.06091666666666663		0.022699999999999974	-0.045109256439499215	-4.415254635921516	0.014607934934151297	0.4341061950297829	0.006298546435205145	0.19815400624929722	2.2433344628880554	-0.7422919530723863	0.3089807570056191	5.093309640658868	0.0	5.5	4.833333333333333	6.0	1.0	3.329969144703728e-05	TRUE
12	B1	20241010_hplc_growth_experiment	1	0	0	-0.010600000000000012	-0.01273333333333332	0.008200000000000013	0.011188888888888885		0.006899999999999977	0.037862850960478436	6.073988594654722	0.01115004745357356	1.2316164143793975	0.005790084188674053	0.28087730161944924	0.9551043579789963	-0.26710818276978604	0.7257292616972734	-0.621688237826161	0.0	1.1666666666666667	0.0	1.8333333333333333	0.0	1.2373176541255723e-05	TRUE
13	B2	20241010_hplc_growth_experiment	1	0	0	0.11279999999999997	0.11279999999999997	1.7022000000000002	5.1018222222222205		0.11279999999999997	4.405223694934143	10.78463969013921	1.5834738718881105	2.7105435774270994	0.0	0.0	4.67114340990009	0.334490530684366	0.14838918862796613	0.6439349569942551	0.0	6.0	1.0	6.0	1.0	6.60239178674019e-05	FALSE
14	B3	20241010_hplc_growth_experiment	1	0	0	0.12969999999999998	0.12969999999999998	1.7356	5.3543055555555545		0.12969999999999998	4.551304329137358	10.287795402556192	1.5883778079121993	2.5833801429323078	0.0	0.0	4.26532540908537	-0.2654608677721561	0.16250745583994716	0.6556853775995747	0.0	6.0	1.0	6.0	1.0	0.00041747094415496913	FALSE
15	B4	20241010_hplc_growth_experiment	1	0	0	0.14066666666666666	-0.06136666666666666	1.4467	3.689605555555555		0.22306666666666664	2.4575907039323233	4.404486084683341	1.34376895597801	1.9468718145175394	1.4451588501732753	2.5852680872915377	2.3986830254057283	-5.469507730984104	0.28896989440391024	0.549473013352334	0.0	4.5	0.8333333333333334	5.0	1.0	0.05797075477189094	FALSE
16	B5	20241010_hplc_growth_experiment	1	0	0	0.15793333333333334	0.13383333333333333	1.7355333333333334	5.228199999999998		0.15793333333333334	4.252394178154477	8.937493636119182	1.5638857650722175	2.3885455094894583	0.0	0.0	4.059143917543148	-0.16683441623619352	0.17076191301427965	0.723702959101902	0.16666666666666666	6.0	1.0	6.0	1.0	0.0003702428635977142	FALSE
17	B6	20241010_hplc_growth_experiment	1	0	0	0.14563333333333334	0.12983333333333333	1.7038333333333333	5.432099999999999		0.14563333333333334	4.532390900090382	9.647267509696123	1.5212003719768201	2.435000957080879	0.0	0.0	3.656054384044387	-0.19343173818694379	0.1895888593957879	0.8284377475922186	0.0	6.0	1.1666666666666667	6.0	1.0	0.004038059507175073	FALSE
18	B7	20241010_hplc_growth_experiment	1	0	0	-0.003266666666666654	-0.014233333333333318	0.012433333333333324	-0.03353333333333332		0.02126666666666667	-0.038067858916595636	-0.744491994108788	0.0010496320123823295	0.21160075407834056	0.010370484926322258	0.501934205603315	0.6504609761816593	-0.9097471453597525	1.0656245431184248	3.7310062525594043	0.0	0.16666666666666666	3.3333333333333335	0.5	1.0	1.03299396592231e-05	TRUE
19	B8	20241010_hplc_growth_experiment	1	0	0	0.16113333333333335	0.15053333333333332	1.7125333333333332	5.237683333333333		0.16113333333333335	4.244612531989197	8.981958460452303	1.5374657898713944	2.354744938560188	0.0	0.0	4.134342757221285	0.010917107637056412	0.16765595434709757	0.6791842399852708	0.16666666666666666	6.0	1.0	6.0	1.0	0.00033594786370902234	FALSE
20	B9	20241010_hplc_growth_experiment	1	0	0	0.18413333333333334	0.18413333333333334	1.8290333333333333	5.710733333333333		0.18413333333333334	4.566216750746429	8.941265809533165	1.6189584723395583	2.2813614164896165	0.0	0.0	3.305830221496121	-0.041685273214204815	0.2096741617439287	0.5342064799383353	0.0	6.0	0.8333333333333334	6.0	0.0	0.0007428398798873698	FALSE
21	B10	20241010_hplc_growth_experiment	1	0	0	0.13826666666666668	-0.022133333333333352	1.4432666666666667	4.037366666666666		0.20623333333333338	2.740837426290201	6.175756114194375	1.2017213177412895	1.9261592145776687	1.1753964053601933	1.774513687932008	1.6034168484805331	-2.5832123604169492	0.4322938113172513	0.2466894405620229	0.0	4.333333333333333	0.6666666666666666	5.0	1.0	0.05962739495853487	FALSE
22	B11	20241010_hplc_growth_experiment	1	0	0	0.14646666666666666	-0.02403333333333335	1.3483666666666667	3.507483333333334		0.20020000000000004	2.2798684896072134	5.11418215601468	1.1290802196876748	1.8850567512820742	1.1364377260849763	1.979129966231745	1.7962229137512113	-3.36645953699552	0.38589151449604026	0.3945519052319784	0.0	4.333333333333333	0.8333333333333334	5.0	1.0	0.05222714061446956	FALSE
23	B12	20241010_hplc_growth_experiment	1	0	0	0.04856666666666665	-0.0029000000000000137	0.04856666666666665	0.04058333333333334		0.05446666666666666	-0.043969512352105326	-9.75793992512827	0.0	-1.074340902914144	0.0	0.0	-0.016552028464049587	-0.42661779839022984	-41.87687219517753	-91.4523313773465	1.3333333333333333	0.0	2.6666666666666665	0.0	0.0	4.519279425287069e-05	FALSE
24	C1	20241010_hplc_growth_experiment	1	0	0	0.014433333333333326	-0.009799999999999977	0.014433333333333326	-0.02473333333333334		0.02799999999999994	-0.0647776358290492	-7.058572145952265	0.0	-0.3476806332559608	0.0	0.0	0.7207095222385856	-2.4956800597775954	0.9617566566998735	3.1244107796655634	0.8333333333333334	0.0	1.3333333333333333	0.0	0.0	4.408472624637459e-06	FALSE
25	C2	20241010_hplc_growth_experiment	1	0	0	0.17373333333333335	0.14196666666666666	1.7711	5.477149999999999		0.17373333333333335	4.405820037946427	8.65191277712992	1.586478116439051	2.315552028912549	0.0	0.0	4.0293049713143585	0.21341928674282104	0.17202648732092393	0.8125488861961103	0.3333333333333333	6.0	1.1666666666666667	6.0	1.0	0.00013884997524115213	FALSE
26	C3	20241010_hplc_growth_experiment	1	0	0	0.1554333333333333	-0.03153333333333334	1.4815	3.8204333333333333		0.21303333333333327	2.510398349231337	4.532308205552784	1.3893182370211723	2.019204651651999	1.5150910925484773	2.8858936683947944	2.505340060058194	-5.773490783819146	0.2766679029368352	0.5401236169206678	0.0	4.5	0.8333333333333334	5.0	1.0	0.053802571721683054	FALSE
27	C4	20241010_hplc_growth_experiment	1	0	0	0.1670333333333333	0.16356666666666667	1.8013666666666666	5.546427777777778		0.1670333333333333	4.517024008036482	9.055470764107636	1.6245264634117627	2.3723310688098938	0.0	0.0	3.570633614114581	-0.009482532895175772	0.19412442033255958	0.7740307023400428	0.0	6.0	1.1666666666666667	6.0	1.0	0.00016408441214872297	FALSE
28	C5	20241010_hplc_growth_experiment	1	0	0	0.1904333333333333	0.15336666666666668	1.7158	5.348949999999999		0.1904333333333333	4.180445864201612	8.072874751300466	1.5141690141818507	2.190756138540098	0.0	0.0	3.6727665579845947	-0.05002644616939617	0.18872617402079184	0.823744782657837	0.3333333333333333	6.0	1.1666666666666667	6.0	1.0	0.0002584532333745728	FALSE
29	C6	20241010_hplc_growth_experiment	1	0	0	0.1980333333333333	0.19213333333333332	1.7348	5.3107999999999995		0.1980333333333333	3.8566176548469095	7.666613189636153	1.5068550846303768	2.157420335760466	0.0	0.0	0.4471166171686098	0.15962217995390368	1.5502603883285246	-0.08521954068161375	0.0	6.0	0.6666666666666666	6.0	0.0	0.04381269482325747	FALSE
30	C7	20241010_hplc_growth_experiment	1	0	0	-0.00016666666666667607	-0.02250000000000002	-0.00016666666666667607	-0.0913666666666667		0.03026666666666669	1.3742471414596629e-08	-4.329795891182353	6.675791272212073e-09	-0.7021287669102995	0.0	0.0	1.5026751418403767e-07	1.5026751418403767e-07	4612754.688355492	4672531.33405443	0.0	6.0	6.0	6.0	0.0	2.3404465354403874e-05	TRUE
31	C8	20241010_hplc_growth_experiment	1	0	0	0.14103333333333334	-0.023700000000000013	1.467833333333333	3.715016666666666		0.1892666666666667	2.6190399651903555	5.091956242370987	1.5135006760281062	2.1933954777355766	1.5747983562542478	2.6317806277146674	3.8252929186675986	-9.522852796631783	0.18120107277990566	5.843558266395175	0.0	4.666666666666667	5.5	5.0	1.0	0.038214699634823414	FALSE
32	C9	20241010_hplc_growth_experiment	1	0	0	0.15333333333333332	0.15333333333333332	1.7638	5.477766666666666		0.15333333333333332	4.528123694431383	9.581273689472983	1.5887528193077767	2.4299161510185057	0.0	0.0	3.3169828722108154	0.07082774441652136	0.20896917688874075	0.6419302703247897	0.0	6.0	1.0	6.0	1.0	0.0005385866980569106	FALSE
33	C10	20241010_hplc_growth_experiment	1	0	0	0.17536666666666664	-0.021333333333333343	1.4723666666666666	3.9203666666666663		0.21430000000000007	2.186807951862953	5.014133845354596	1.0920424345882285	1.8181800948100293	1.1138656468605048	1.85594084767632	1.6172143898002513	-2.980055270147319	0.4286056226877617	0.5973454016053248	0.0	4.333333333333333	1.0	5.0	1.0	0.0776642498108111	FALSE
34	C11	20241010_hplc_growth_experiment	1	0	0	0.14696666666666666	0.14696666666666666	1.8223666666666667	5.336783333333333		0.14696666666666666	4.433771882916605	9.55087719297107	1.6616415893726701	2.5093488741997803	0.0	0.0	3.8890258791921997	0.07717917648739571	0.17823156803058374	0.7372998867337976	0.0	6.0	1.0	6.0	1.0	0.00021982849215560353	FALSE
35	C12	20241010_hplc_growth_experiment	1	0	0	-0.03363333333333335	-0.03363333333333335	0.013399999999999995	-0.01084999999999999		0.012933333333333324	0.17863761417095853	7.492247352554428	0.03628965994501575	1.38729290080635	0.001083842011022143	0.021151774700791215	2.3636658469208642	-0.2096023164944517	0.29325091846755946	-0.07646278398227252	0.0	5.833333333333333	0.0	6.0	1.0	2.3652925321462516e-05	TRUE
36	D1	20241010_hplc_growth_experiment	1	0	0	-0.017733333333333337	-0.017733333333333337	0.009066666666666641	0.015077777777777773		0.004100000000000008	0.1250099919436759	10.700054175196346	0.025879217891388168	1.9850230249109249	9.387277682300355e-05	0.0031503235981977795	4.843681418432152	-0.031864266619541115	0.1431033795745199	0.0022735549609890493	0.0	5.5	0.16666666666666666	6.0	0.0	7.901974316761717e-07	FALSE
37	D2	20241010_hplc_growth_experiment	1	0	0	0.14326666666666665	0.14326666666666665	1.8809	5.66556111111111		0.14326666666666665	4.756943239719643	10.09220493837618	1.6860162958055513	2.546704670099283	0.0	0.0	2.68865725289435	-0.2044866810447832	0.25780421800278547	0.5342100255074356	0.0	6.0	1.0	6.0	1.0	0.002600787250658913	FALSE
38	D3	20241010_hplc_growth_experiment	1	0	0	0.14126666666666665	0.14126666666666665	1.8206	5.453627777777777		0.14126666666666665	4.561056573148309	9.974098720106806	1.6479694787797556	2.5397568800959966	0.0	0.0	3.9760754391369133	-0.08083635330405431	0.17432948422890254	0.6480974343360837	0.0	6.0	1.0	6.0	1.0	0.0006601211439606819	FALSE
39	D4	20241010_hplc_growth_experiment	1	0	0	0.1338666666666667	0.1338666666666667	1.8238333333333328	5.627638888888889		0.1338666666666667	4.788882512941489	10.44024868947816	1.6798931732009392	2.6057205752068198	0.017058320311268194	0.009455081476457572	3.8596292603941396	-0.43551071727252133	0.17958905734100536	0.6418112455763272	0.0	5.833333333333333	1.0	6.0	1.0	0.0012984284063698246	FALSE
40	D5	20241010_hplc_growth_experiment	1	0	0	0.14016666666666666	0.14016666666666666	1.8107666666666669	5.563011111111111		0.14016666666666666	4.664831819274349	10.236961212210947	1.6396355793413333	2.5433236131299637	0.0	0.0	3.984151364029321	-0.12229262331007436	0.1739761161731917	0.6600389969317078	0.0	6.0	1.0	6.0	1.0	0.0005992312226133127	FALSE
41	D6	20241010_hplc_growth_experiment	1	0	0	0.1654666666666667	-0.06176666666666665	1.495866666666667	3.8434777777777778		0.25133333333333335	2.6121799833587516	3.6269738613406286	1.5784491089876136	1.98603737841144	1.7411588631408919	3.010708052802327	4.1278770325653795	-8.256147666854984	0.1679185632448868	6.248649133890924	0.0	4.666666666666667	5.833333333333333	5.166666666666667	1.0	0.04167707226947459	FALSE
42	D7	20241010_hplc_growth_experiment	1	0	0	-0.003333333333333327	-0.003333333333333327	0.015966666666666657	0.04639444444444445		0.008633333333333326	0.016403710379568046	4.873619383008431	0.005377788330419568	0.9269234615416297	0.0	0.0	0.051084825369742286	0.04098886685856185	13.56855339218794	-12.603725915016106	0.0	6.0	0.0	6.0	0.0	1.3374947662906512e-05	TRUE
43	D8	20241010_hplc_growth_experiment	1	0	0	0.15206666666666668	0.15206666666666668	1.7513666666666667	5.348244444444443		0.15206666666666668	4.402404960570498	9.442667819068397	1.5868021581696616	2.4368081389022596	0.0	0.0	4.496235291904172	-0.2657191391130535	0.1541616787288716	0.6533652697602467	0.0	6.0	1.0	6.0	1.0	0.0002799677456169102	FALSE
44	D9	20241010_hplc_growth_experiment	1	0	0	0.15886666666666666	-0.018766666666666668	1.5223666666666666	4.07126111111111		0.2076	2.61144167539581	5.597451704698922	1.2984193634777657	1.9842278343821638	1.32109127975114	2.0787684570886245	1.770809188982473	-3.58336439124756	0.3914296271289599	0.307170087383171	0.0	4.333333333333333	0.6666666666666666	5.0	1.0	0.07011143535944282	FALSE
45	D10	20241010_hplc_growth_experiment	1	0	0	0.14883333333333332	0.14883333333333332	1.8138	5.360077777777777		0.14883333333333332	4.426284393864798	9.557974258371663	1.639347957854281	2.4866766745204902	0.0	0.0	4.586833171176139	0.0006518079852836114	0.15111671924667167	0.6851755293831328	0.0	6.0	1.0	6.0	1.0	0.00047112952312152037	FALSE
46	D11	20241010_hplc_growth_experiment	1	0	0	0.14803333333333335	0.14803333333333335	1.7984	5.283927777777778		0.14803333333333335	4.362603422000459	9.467012830840705	1.622946920635557	2.4815193150715746	0.0	0.0	4.38208139579112	-0.18641629861442197	0.15817761423274698	0.6504039834370985	0.0	6.0	1.0	6.0	1.0	0.0004581081096700175	FALSE
47	D12	20241010_hplc_growth_experiment	1	0	0	0.009733333333333344	-0.016233333333333322	0.015600000000000003	-0.045338888888888845		0.03583333333333333	-0.08691186343832023	-4.259458162075905	0.0	-0.10009160122204135	0.0	0.0	0.107016293207367	-0.5070291351454691	6.477024757499534	11.060143554857426	2.1666666666666665	0.0	3.6666666666666665	0.0	0.0	1.4032676997937792e-05	TRUE
48	E1	20241010_hplc_growth_experiment	1	0	0	0.015700000000000006	-0.009666666666666657	0.02233333333333332	-0.017444444444444433		0.03199999999999997	-0.10233559410067856	-5.794020608867128	0.0	-0.07648340337571484	0.0	0.0	0.1872531651958686	-0.8920848896896949	3.7016580191576827	10.598624388774217	1.3333333333333333	0.0	4.666666666666667	0.0	0.0	1.2705386156326489e-05	TRUE
49	E2	20241010_hplc_growth_experiment	1	0	0	0.1456	0.14083333333333334	1.7681666666666669	5.414305555555556		0.1456	4.514109118166762	9.717393687509206	1.589813595372462	2.476791696562996	0.0	0.0	3.780055795693123	-0.1414952974996737	0.18336956331430226	0.6315177054079756	0.0	6.0	1.0	6.0	1.0	0.001116512861732065	FALSE
50	E3	20241010_hplc_growth_experiment	1	0	0	0.1502	0.1472333333333333	1.8148666666666664	5.521455555555555		0.1502	4.583919124163033	9.592262530198713	1.6471667635135936	2.482509766447281	0.0	0.0	3.8704214838958033	-0.10193652547344755	0.17908829398658993	0.8343714622638484	0.0	6.0	1.1666666666666667	6.0	1.0	0.0003531673524803456	FALSE
51	E4	20241010_hplc_growth_experiment	1	0	0	0.13926666666666665	-0.025300000000000003	1.4593666666666665	3.6909388888888888		0.18816666666666665	2.665298738775572	4.767023715304952	1.521274453181316	2.2070591595073377	1.6573143710415894	3.4755556553155427	3.022157500990416	-10.123884052287595	0.22935508170331573	0.6067316027683423	0.0	4.666666666666667	1.0	5.166666666666667	1.0	0.031198724979688505	FALSE
52	E5	20241010_hplc_growth_experiment	1	0	0	0.1655333333333333	0.1655333333333333	1.8075666666666668	5.368444444444443		0.1655333333333333	4.343745339957841	8.848148448479565	1.6305563446693676	2.384148648822496	0.0	0.0	4.039409159475155	-0.03783469433183213	0.17159617983586656	0.8935244109729055	0.0	6.0	1.1666666666666667	6.0	1.0	0.00018805116915132872	FALSE
53	E6	20241010_hplc_growth_experiment	1	0	0	0.16283333333333333	0.16116666666666662	1.7489666666666666	5.459411111111111		0.16283333333333333	4.433625542020554	8.976973070141822	1.557404978889684	2.357583088572113	0.0	0.0	4.385921570695124	-0.23934834152436424	0.15803911889151465	1.017819917436427	0.0	6.0	1.3333333333333333	6.0	1.0	0.0019117251426061927	FALSE
54	E7	20241010_hplc_growth_experiment	1	0	0	0.0013333333333333253	-0.014000000000000012	0.0013333333333333253	-0.06043888888888891		0.01933333333333337	-0.016582346738429826	-5.625211825407297	0.0008371167145356882	-0.5254537966565989	0.0	0.0	0.2676412219383246	0.2614166015524309	2.589837154157346	7.959901185102126	2.3333333333333335	6.0	5.5	6.0	0.0	6.002416708140682e-06	TRUE
55	E8	20241010_hplc_growth_experiment	1	0	0	0.1530333333333333	0.1530333333333333	1.7808666666666668	5.244727777777777		0.1530333333333333	4.293337737545676	9.227533017098056	1.6148965037159813	2.44725066663705	0.0	0.0	4.084626281242617	0.07410154641329998	0.16969659715088486	0.698118221125981	0.0	6.0	1.0	6.0	1.0	0.0001930639657566725	FALSE
56	E9	20241010_hplc_growth_experiment	1	0	0	0.15743333333333331	-0.014666666666666675	1.453566666666667	3.700961111111111		0.19266666666666676	2.4258530302464725	4.989975814009933	1.4364389655599283	2.133273972673314	1.4825594841563274	2.424272760365909	3.160583002271827	-8.300667038008807	0.21930991214649673	5.848862790725513	0.0	4.666666666666667	5.5	5.0	1.0	0.04160069493837353	FALSE
57	E10	20241010_hplc_growth_experiment	1	0	0	0.12486666666666665	0.12486666666666665	1.8013333333333337	5.3594333333333335		0.12486666666666665	4.5684309690658145	10.64123792343287	1.6387286801861687	2.6478775433316377	0.0	0.0	3.395564933013254	-0.16075366461809398	0.2041330954448397	0.5288383489914776	0.0	6.0	1.0	6.0	1.0	0.0017458123941196681	FALSE
58	E11	20241010_hplc_growth_experiment	1	0	0	0.12706666666666666	-0.017600000000000005	1.4108666666666667	3.5620166666666666		0.18089999999999998	2.5238333259023515	5.5746159593342295	1.4497100668873673	2.2011402570331935	1.4840089828735692	2.385263548690453	3.146588886123139	-8.082988338417826	0.2202852694283684	5.8401367602588605	0.0	4.666666666666667	5.666666666666667	5.0	1.0	0.03375410510325417	FALSE
59	E12	20241010_hplc_growth_experiment	1	0	0	-0.007633333333333339	-0.007633333333333339	0.020866666666666644	0.08191666666666664		0.003900000000000001	0.12412014430821341	11.023676630495748	0.02558466166582957	2.042697198806782	0.003078331344389472	0.10798312529193499	3.149991031456883	-0.4936217044419834	0.22004735049653842	-0.044703022837107975	0.0	4.0	0.0	4.666666666666667	0.0	6.709011476101372e-06	FALSE
60	F1	20241010_hplc_growth_experiment	1	0	0	-0.017899999999999985	-0.027599999999999986	0.002333333333333326	-0.03297777777777781		0.016333333333333325	0.09944082484798947	3.2380852108946763	0.020712321349982143	0.70763899916282	0.002487535017766121	0.07801932785177645	0.5518793521252408	-0.11125084225509825	1.2559759264243064	0.5052166758671032	0.0	3.1666666666666665	0.5	6.0	0.0	8.957306647467917e-06	FALSE
61	F2	20241010_hplc_growth_experiment	1	0	0	0.13520000000000004	-0.014600000000000016	1.481766666666667	3.768388888888888		0.1834333333333335	2.761689904747436	5.178630919203196	1.6104720187859458	2.2808247522795497	1.7208448580396636	3.1885580672772083	2.8984065309034377	-8.588486394855952	0.23914767413385943	0.5709786214050017	0.0	4.666666666666667	1.0	5.166666666666667	1.0	0.03269126184948229	FALSE
62	F3	20241010_hplc_growth_experiment	1	0	0	0.1422	-0.034666666666666686	1.4601666666666668	3.7123722222222217		0.21140000000000006	2.5794254962276617	4.302469696424776	1.4345881341418785	2.0543236019876656	1.6006126440263715	3.5236920274087082	2.4918183856655713	-6.660032359149047	0.2781692215401179	0.5315780433929869	0.0	4.666666666666667	0.8333333333333334	5.166666666666667	1.0	0.044358761126570896	FALSE
63	F4	20241010_hplc_growth_experiment	1	0	0	0.13876666666666665	0.13526666666666665	1.7364333333333335	5.318583333333334		0.13876666666666665	4.458692416653268	9.89047341227405	1.5767510146333217	2.5140905226090267	0.0	0.0	3.590667051040967	-0.2077634212999443	0.19304134042698157	0.6668121841544807	0.0	6.0	1.0	6.0	1.0	0.0008429243765354377	FALSE
64	F5	20241010_hplc_growth_experiment	1	0	0	0.15863333333333332	0.15863333333333332	1.7407	5.409488888888889		0.15863333333333332	4.428783153384376	9.332525062043421	1.5689855281449083	2.387856570847749	0.0	0.0	3.9115941314181346	-0.13694988687698903	0.17720324687895142	0.658249153998418	0.0	6.0	1.0	6.0	1.0	0.00015502031801754764	FALSE
65	F6	20241010_hplc_growth_experiment	1	0	0	0.15063333333333334	0.15063333333333334	1.8016	5.487338888888889		0.15063333333333334	4.551848111102836	9.634365838273517	1.6412072609967359	2.476544641452369	0.0	0.0	4.098153356267598	-0.05038292808802781	0.16913646716023106	0.6873510347681373	0.0	6.0	1.0	6.0	1.0	0.0001483092932238054	FALSE
66	F7	20241010_hplc_growth_experiment	1	0	0	0.000633333333333333	-0.001433333333333342	0.02193333333333333	0.10153888888888886		0.00556666666666668	0.04104435549635342	7.9409388568671915	0.011196841587566436	1.5034799612396839	0.010242460302081655	0.5261507959579474	0.39757259995960753	-0.21477874605373254	1.7434480661654437	-2.2904904545302003	0.0	2.6666666666666665	0.0	5.333333333333333	0.0	1.655717834300634e-05	TRUE
67	F8	20241010_hplc_growth_experiment	1	0	0	0.15023333333333333	0.15023333333333333	1.7442	5.297055555555556		0.15023333333333333	4.367412511755904	9.429096486947623	1.5833865138412473	2.4457390212246803	0.0	0.0	4.653140225279469	-0.14772326125571753	0.14896331230127813	0.6921533556884041	0.0	6.0	1.0	6.0	1.0	0.0002951148349142927	FALSE
68	F9	20241010_hplc_growth_experiment	1	0	0	0.15483333333333332	0.15483333333333332	1.7504	5.2953722222222215		0.15483333333333332	4.334233559295495	9.288379584702025	1.5732753842421365	2.412094381072447	0.0	0.0	3.952716801757542	-0.3129206393196544	0.17535968684924336	0.5923457388481349	0.0	6.0	0.8333333333333334	6.0	1.0	0.0004163370120945993	FALSE
69	F10	20241010_hplc_growth_experiment	1	0	0	0.13493333333333335	-0.0092	1.4464666666666666	3.6675111111111107		0.174	2.497270655882328	5.745740620957906	1.3702208596675651	2.186601796947477	1.3976508264625225	2.323080425973938	2.597443409434298	-6.54320849838466	0.26685747148227845	0.4606134037851602	0.0	4.666666666666667	0.8333333333333334	5.0	1.0	0.043689463708885025	FALSE
70	F11	20241010_hplc_growth_experiment	1	0	0	0.12813333333333338	0.12696666666666664	1.7410666666666663	5.0933111111111105		0.12813333333333338	4.294887979967012	10.03609269466518	1.5803314731811915	2.5890976889225112	0.0	0.0	3.5994757679485074	-0.3008970774148379	0.19256892537854173	0.5119155446411994	0.0	6.0	0.8333333333333334	6.0	1.0	0.0012599853694023962	FALSE
71	F12	20241010_hplc_growth_experiment	1	0	0	0.013033333333333357	-0.01886666666666667	0.013033333333333357	-0.06167222222222222		0.041433333333333364	-0.07234217935447992	-5.326408993191734	0.0	-0.3372132523388935	0.0	0.0	0.1330316850705503	-0.34790423622569194	5.210391646113109	12.054865952653774	3.0	0.0	5.666666666666667	0.0	0.0	2.246262308259138e-05	FALSE
72	G1	20241010_hplc_growth_experiment	1	0	0	0.017299999999999996	0.0019333333333333427	0.039899999999999984	0.06623888888888887		0.017299999999999996	-0.06324062986556037	-3.729855645775435	0.0	0.15632705910199193	0.0	0.0	0.08940814761321998	-0.5166581681518426	7.75261762002388	11.79936464830874	0.0	0.0	3.3333333333333335	1.1666666666666667	0.0	2.6815060498071372e-05	TRUE
73	G2	20241010_hplc_growth_experiment	1	0	0	0.1532	0.1532	1.7195333333333331	5.103505555555555		0.1532	4.14921905830847	9.054813690968452	1.5490522176657944	2.408547211938389	0.0	0.0	3.1591425595654132	0.00816959617053798	0.21940990869854823	0.6042770353057714	0.0	6.0	1.0	6.0	1.0	0.00018528363188240836	FALSE
74	G3	20241010_hplc_growth_experiment	1	0	0	0.1285	0.1234	1.7614333333333332	5.306622222222222		0.1285	4.500835100002006	10.267070469288678	1.5984532811182257	2.59809152976874	0.0	0.0	3.5251548122974654	-0.17344964610693459	0.19662886240964755	0.5767049718983773	0.0	6.0	0.8333333333333334	6.0	1.0	0.0008149433569849981	FALSE
75	G4	20241010_hplc_growth_experiment	1	0	0	0.15139999999999998	-0.01100000000000001	1.5204333333333333	3.8265277777777773		0.1964	2.7130289316703604	5.3267009517835024	1.6694131512160615	2.252484944447671	1.7225720889385159	2.5527687531353904	5.947225757784275	-10.978059729049164	0.11654966681779158	5.649699329173759	0.0	4.833333333333333	5.5	5.0	1.0	0.02845087950942214	TRUE
76	G5	20241010_hplc_growth_experiment	1	0	0	0.1621	0.15329999999999994	1.7852333333333334	5.3447		0.1621	4.342887045090091	8.999867635863847	1.6126211910693662	2.3931725250350624	0.0	0.0	3.1954612948775734	-0.0465383772375913	0.21691615594627367	0.6307629888275037	0.16666666666666666	6.0	1.0	6.0	1.0	0.00022007222372037328	FALSE
77	G6	20241010_hplc_growth_experiment	1	0	0	0.1602	-0.036333333333333336	1.4933333333333332	3.9046499999999997		0.22296666666666667	2.5150430842016864	4.452642911473566	1.3592936681021037	1.9589277527840818	1.4844774756626675	2.7939287450468275	2.200479144060288	-5.018043926871331	0.3149982959079364	0.6701982196132283	0.0	4.5	1.0	5.0	1.0	0.06688080567623063	FALSE
78	G7	20241010_hplc_growth_experiment	1	0	0	-0.0058999999999999895	-0.02766666666666666	-0.004933333333333331	-0.11461666666666666		0.02249999999999996	-0.033452736186508965	-5.619238299365901	0.0	-0.4213437721544052	0.0	0.0	0.47344494650116287	-1.1369073130520468	1.4640502252319274	3.506259347936885	0.6666666666666666	0.0	1.6666666666666667	5.5	0.0	9.724160296455165e-06	TRUE
79	G8	20241010_hplc_growth_experiment	1	0	0	0.152	0.1384	1.8012333333333337	5.217033333333333		0.152	4.281306946465164	9.169881322305184	1.6257046780902313	2.458297310492905	0.0	0.0	3.9381412792212633	-0.06601403048972111	0.17600871360740256	0.6308192766453178	0.16666666666666666	6.0	0.8333333333333334	6.0	1.0	0.0003473382230561669	FALSE
80	G9	20241010_hplc_growth_experiment	1	0	0	0.1509	0.1405	1.7948333333333335	5.204266666666666		0.1509	4.281854145951222	9.205224518403321	1.6082711865073451	2.4538137543220113	0.0	0.0	3.7941280798998256	-0.23225888238603745	0.1826894522175029	0.583214201454112	0.0	6.0	0.8333333333333334	6.0	1.0	0.0007673738751313371	FALSE
81	G10	20241010_hplc_growth_experiment	1	0	0	0.13753333333333334	0.13753333333333334	1.7858	5.184816666666667		0.13753333333333334	4.329805300564606	9.708576281649583	1.6194677206616985	2.546911158092211	0.0	0.0	4.158606672447959	-0.2556973357266826	0.16667774453214276	0.6032500645556831	0.0	6.0	0.8333333333333334	6.0	1.0	0.0005207477538177777	FALSE
82	G11	20241010_hplc_growth_experiment	1	0	0	0.14243333333333336	0.14243333333333336	1.7708000000000002	5.165983333333332		0.14243333333333336	4.270359406964828	9.630882856227881	1.5867323927027692	2.4963135065267417	0.0	0.0	3.5235461167271427	-0.2829250657597336	0.19671863446583107	0.533521306020622	0.0	6.0	0.8333333333333334	6.0	1.0	0.0010713118101997033	FALSE
83	G12	20241010_hplc_growth_experiment	1	0	0	-0.009566666666666654	-0.02046666666666666	0.006666666666666682	-0.03169999999999999		0.019966666666666674	-0.01583160185207345	0.9615948206760274	0.0013145223362483818	0.3164452093441177	0.006913085570860719	0.2907679856150309	0.08513347566469616	-0.12879662962982333	8.141887490767456	-3.1395317691611075	0.0	1.0	0.0	3.0	0.0	2.507745124496851e-05	TRUE
84	H1	20241010_hplc_growth_experiment	1	0	0	-0.007099999999999995	-0.028399999999999995	0.0060999999999999934	-0.024194444444444446		0.033633333333333335	-0.0012815379609334454	0.3178909484779111	0.0011445624676777316	0.08954910272267888	0.0033165406452414156	0.09448898987968683	0.028883265195258898	-0.03466478794530492	23.99822789681422	-2.0059739108221697	0.0	1.6666666666666667	0.0	3.6666666666666665	0.0	3.424690756132041e-05	TRUE
85	H2	20241010_hplc_growth_experiment	1	0	0	0.15050000000000002	0.1486	1.8298333333333328	5.199888888888888		0.15050000000000002	4.2536031301155415	9.164766828633947	1.6483535182784605	2.48211891883442	0.0	0.0	2.5339913255107946	0.13257821064666928	0.27353968167993736	0.5368965195502965	0.0	6.0	0.8333333333333334	6.0	1.0	0.00035273535100397265	FALSE
86	H3	20241010_hplc_growth_experiment	1	0	0	0.1476	0.1229	1.7820333333333331	5.216205555555554		0.1476	4.281302023408748	9.230817403974736	1.6099807749535269	2.4784138186870526	0.0	0.0	3.418680064713717	-0.07665767626801614	0.20275286585438054	0.848869736446481	0.0	6.0	1.1666666666666667	6.0	1.0	0.0004861105665057212	FALSE
87	H4	20241010_hplc_growth_experiment	1	0	0	0.12893333333333334	0.1082666666666667	1.7634666666666667	5.045516666666666		0.12893333333333334	4.247224447525031	9.718552449122363	1.626412203094441	2.611235555424887	0.0	0.0	3.915222271083669	0.3370747563866796	0.17703903701183576	0.8580429718826673	0.3333333333333333	6.0	1.1666666666666667	6.0	1.0	6.240028746814797e-05	FALSE
88	H5	20241010_hplc_growth_experiment	1	0	0	0.1638	0.1474	1.846633333333333	5.235766666666666		0.1638	4.2268094160311	8.674920491552683	1.6634203795159512	2.4114629139333292	0.0	0.0	3.249877450103401	0.3712703236321413	0.21328409800126202	0.6654310104301069	0.16666666666666666	6.0	1.0	6.0	1.0	0.00019063848570485868	FALSE
89	H6	20241010_hplc_growth_experiment	1	0	0	0.1643	0.14069999999999994	1.7973333333333334	5.1409166666666675		0.1643	4.124237366707365	8.5550458214261	1.6201083216149892	2.385245011512268	0.0	0.0	3.7959382006840636	0.1601712659687238	0.18260233542132842	0.7405200719447338	0.3333333333333333	6.0	1.0	6.0	1.0	0.0001640335470844937	FALSE
90	H7	20241010_hplc_growth_experiment	1	0	0	0.005599999999999994	0.0012333333333333085	0.020233333333333357	0.04771666666666666		0.005599999999999994	-0.015075990425793948	1.1021534412924305	0.001970025659247192	0.7290673664210304	0.001259690376550526	0.11485435699268931	0.9506368538633767	-0.9094138612407521	0.7291398158434564	3.296060145278342	0.0	0.3333333333333333	3.1666666666666665	1.8333333333333333	1.0	5.121277153178603e-06	TRUE
91	H8	20241010_hplc_growth_experiment	1	0	0	0.1532	0.14459999999999998	1.8442333333333332	5.1765333333333325		0.1532	4.230143276195054	8.968471985954347	1.6653595631044897	2.473399793355746	0.0	0.0	3.9266767384029646	-0.08608848153700499	0.1765225983032813	0.675952326040933	0.0	6.0	0.8333333333333334	6.0	1.0	0.00035493312204805746	FALSE
92	H9	20241010_hplc_growth_experiment	1	0	0	0.16749999999999998	0.16019999999999998	1.7859333333333334	5.086166666666667		0.16749999999999998	4.059904674414277	8.496476992755076	1.5940735731856883	2.3515557109574567	0.0	0.0	3.4055760217819584	-0.029545618584704027	0.20353302235116688	0.5959735842574176	0.0	6.0	0.8333333333333334	6.0	1.0	0.0004283158212058224	FALSE
93	H10	20241010_hplc_growth_experiment	1	0	0	0.14753333333333335	0.13573333333333334	1.8271	5.120066666666666		0.14753333333333335	4.187070710556687	9.148683907139903	1.6543371583205648	2.5042902260142306	0.0	0.0	2.564122933292535	0.004033729432770532	0.2703252529588704	0.45936107311539853	0.0	6.0	0.6666666666666666	6.0	1.0	0.0002543529678082034	FALSE
94	H11	20241010_hplc_growth_experiment	1	0	0	0.14893333333333336	0.12633333333333333	1.7913	5.016783333333334		0.14893333333333336	4.037047975878905	8.903207777089547	1.5796956547179208	2.4540974793964083	0.007451006556011386	0.004308810086502302	3.05332766254264	-0.29741561127205884	0.2270136903625768	0.6644871553610168	0.0	5.833333333333333	0.8333333333333334	6.0	1.0	0.0026433812669972166	FALSE
95	H12	20241010_hplc_growth_experiment	1	0	0	-0.007566666666666651	-0.007566666666666651	0.03903333333333334	0.11979999999999998		0.0037333333333333385	0.13036963433881107	12.177741693032843	0.034035085806994866	2.4383265833738967	0.005590703970424493	0.14011628297147904	0.5453211543032611	-0.19687554687755535	1.2710806743698704	-1.5568873302919117	0.0	4.666666666666667	0.0	6.0	0.0	3.496485295848535e-05	TRUE
