	0	1200	2400	3600	4800	6000	7200	8400	9600	10800	12000	13200	14400	15600	16800	18000	19200	20400	21600	22800	24000	25200	26400	27600	28800	30000	31200	32400	33600	34800	36000	37200	38400	39600	40800	42000	43200
A01	0.006933333333333319	0.005399999999999988	0.0003333333333333244	-0.00020000000000000573	0.001533333333333331	0.0007666666666666655	0.001166666666666677	0.000466666666666643	-0.0025666666666666615	0.0001333333333333464	0.0015000000000000013	0.0032999999999999974	0.001799999999999996	0.0021999999999999797	0.00016666666666667607	0.0004666666666666708	0.003866666666666685	0.002466666666666645	0.004866666666666658	0.0006666666666666765	0.003700000000000009	0.0024666666666666726	-0.0005333333333333301	0.004466666666666647	0.0014666666666666717	0.0006000000000000172	0.0007333333333333358	0.0025666666666666615	-0.002066666666666661	0.0006333333333333468	0.003799999999999998	0.012500000000000011	0.0030333333333333323	0.002066666666666661	0.001799999999999996	0.0020999999999999908	0.002166666666666678
A02	0.1557333333333333	0.15159999999999998	0.1643333333333333	0.15990000000000001	0.23783333333333334	0.36916666666666664	0.7367666666666667	1.1612666666666667	0.9257333333333334	0.4237333333333334	0.3609	0.387	0.39549999999999996	0.42689999999999995	0.47696666666666665	0.5448666666666667	0.5897666666666667	0.6528666666666666	0.7091666666666667	0.7357666666666667	0.8062	0.8919666666666667	0.9653666666666666	1.0127666666666668	1.0810666666666666	1.163	1.2244333333333335	1.2739666666666667	1.3173333333333332	1.3899333333333335	1.4743	-0.03549999999999999	0.07003333333333331	0.09516666666666665	0.09119999999999998	0.0942	0.09356666666666666
A03	0.14433333333333334	0.13410000000000002	0.16193333333333335	0.16539999999999996	0.24953333333333333	0.40156666666666674	0.7541666666666668	1.0745666666666667	0.7877333333333333	0.4114333333333333	0.3685999999999999	0.3678	0.39169999999999994	0.4234	0.49926666666666664	0.5184666666666666	0.5886666666666667	0.6439666666666666	0.7115666666666667	0.7690666666666667	0.8203	0.8874666666666667	0.9515666666666666	1.0402666666666667	1.0811666666666666	1.1453	1.2256333333333334	1.2866666666666666	1.3512333333333333	1.4160333333333335	1.5061	1.5005000000000002	1.5155333333333332	1.6311666666666667	1.6722000000000001	1.7104	1.8314666666666668
A04	0.14986666666666668	0.1349	0.13833333333333334	0.1332333333333333	0.2214	0.39316666666666666	0.6403	0.8844333333333334	0.7998	0.38483333333333336	0.3589	0.32243333333333335	0.3649666666666668	0.40446666666666664	0.4615666666666667	0.4934666666666667	0.5337	0.5873333333333333	0.6447	0.7123666666666667	0.7615333333333333	0.8177333333333333	0.8934	0.9799333333333333	1.0631333333333333	1.0935666666666666	1.1466	1.207	1.2992666666666666	1.3391	1.4265666666666665	1.4187666666666667	1.4937	1.5518333333333334	1.5901666666666667	1.6923	1.7590333333333334
A05	0.15723333333333334	0.14433333333333334	0.16473333333333334	0.15816666666666665	0.22496666666666668	0.35760000000000003	0.6247666666666667	0.9649333333333333	0.7796333333333333	0.39393333333333336	0.3634666666666667	0.3608	0.39036666666666675	0.41133333333333344	0.47850000000000004	0.5102333333333333	0.5507333333333333	0.6267333333333333	0.6743666666666667	0.7557	0.8012	0.8648666666666666	0.9379	1.0121	1.0839333333333332	1.1391666666666667	1.2138666666666666	1.2787000000000002	1.3619666666666668	1.3995666666666666	1.4620666666666668	1.4607	1.5539	1.6029	1.6641666666666666	1.7358333333333333	1.8160333333333334
A06	0.15813333333333335	0.13853333333333331	0.15503333333333336	0.15156666666666666	0.22456666666666666	0.35530000000000006	0.6896666666666667	0.8971333333333334	0.7110333333333333	0.3841333333333333	0.3422666666666667	0.34640000000000004	0.39036666666666675	0.4095333333333334	0.46230000000000004	0.5010333333333333	0.5566333333333333	0.6038333333333333	0.6765666666666668	0.7247	0.7985	0.8634666666666667	0.9269000000000001	0.997	1.0519333333333332	1.1028666666666667	1.1961666666666666	1.2677	1.3480666666666667	1.3436666666666666	1.4564666666666668	1.5050000000000001	1.5396999999999998	1.5706	1.6537666666666666	1.6732333333333334	1.8108333333333333
A07	0.01733333333333334	0.029033333333333328	0.04143333333333332	0.04496666666666668	0.041766666666666674	0.04519999999999999	0.043966666666666654	0.04423333333333335	0.050233333333333324	0.04293333333333335	0.03926666666666667	0.04999999999999999	0.0445666666666667	0.047433333333333355	0.045800000000000035	0.0411333333333333	0.0459333333333333	0.048533333333333345	0.04866666666666669	0.04199999999999998	0.04630000000000001	0.04606666666666667	0.04429999999999998	0.048799999999999955	0.04293333333333332	0.04566666666666666	0.041066666666666696	0.05099999999999999	0.04576666666666668	0.04686666666666667	0.04636666666666667	0.01780000000000001	0.027900000000000008	0.03489999999999999	0.040666666666666684	0.039133333333333326	0.041233333333333316
A08	0.14793333333333336	0.14403333333333332	0.14823333333333333	0.16376666666666664	0.2464666666666667	0.37150000000000005	0.7581666666666667	0.8253333333333334	0.5478333333333333	0.37803333333333333	0.36516666666666675	0.34909999999999997	0.3828666666666667	0.4008333333333334	0.48050000000000004	0.5219333333333332	0.5726333333333333	0.6064333333333333	0.6614666666666668	0.7253	0.8019000000000001	0.8567666666666666	0.9178	1.0089000000000001	1.0226333333333333	1.1113666666666666	1.1841666666666666	1.2539	1.3279666666666667	1.3740666666666665	1.4385666666666668	1.517	1.5501999999999998	1.5658	1.6558666666666666	1.6833333333333333	1.7758333333333334
A09	0.14623333333333333	0.12883333333333333	0.14043333333333335	0.15316666666666665	0.2967666666666666	0.5999	0.6563666666666667	0.5324333333333334	0.3954333333333333	0.3523333333333333	0.33006666666666673	0.3476	0.3857666666666667	0.40233333333333343	0.45500000000000007	0.5017333333333333	0.5310333333333334	0.6148333333333333	0.6534666666666668	0.7061999999999999	0.7783	0.8252666666666666	0.9135	1.0035	1.0252333333333332	1.1060666666666665	1.1531666666666667	1.2614	1.2972666666666668	1.3393666666666666	1.4504666666666668	1.504	1.5646	1.5997000000000001	1.6569666666666667	1.7116333333333333	1.8047333333333333
A10	0.12733333333333333	0.14389999999999997	0.16263333333333332	0.22343333333333334	0.41536666666666666	0.3805333333333334	0.3477666666666668	0.3594666666666667	0.31996666666666673	0.3307333333333333	0.3459333333333333	0.3406	0.3825666666666666	0.4270666666666667	0.47153333333333325	0.5354333333333333	0.5775666666666667	0.6423333333333333	0.6862333333333334	0.7654333333333333	0.8150333333333333	0.8615333333333334	0.9685333333333334	1.0413999999999999	1.0723	1.1431333333333333	1.2124666666666668	1.2775333333333334	1.3372666666666666	1.3757333333333333	1.5015	1.5232333333333332	1.6019333333333334	1.6351	1.7290999999999999	1.7252333333333332	1.8629333333333333
A11	0.14016666666666663	0.14729999999999996	0.16766666666666666	0.17086666666666664	0.19603333333333334	0.24013333333333334	0.3405666666666667	0.6106666666666667	1.1099333333333334	0.7394	0.4577	0.4046666666666666	0.3766666666666667	0.3981333333333333	0.44100000000000006	0.49439999999999995	0.5395666666666667	0.5949666666666668	0.6523666666666667	0.6992666666666666	0.7659666666666667	0.8494	0.9120666666666667	0.9539666666666666	1.0258	1.0925	1.1583333333333334	1.2361333333333333	1.287	1.3391333333333333	1.3981666666666666	1.4283666666666666	1.5182666666666667	1.6152666666666666	1.7256	1.7922	1.9108666666666667
A12	-0.001333333333333353	-0.004200000000000009	-0.0055333333333333345	-0.018133333333333335	-0.01796666666666666	-0.014066666666666644	-0.016033333333333344	-0.00853333333333331	-0.01476666666666665	-0.01770000000000002	-0.010000000000000009	-0.01823333333333335	-0.018333333333333313	-0.01846666666666666	-0.016000000000000014	-0.017199999999999993	-0.01893333333333333	-0.009433333333333321	-0.015233333333333321	0.0025666666666666615	-0.01903333333333329	-0.014399999999999996	-0.015433333333333354	-0.017033333333333317	-0.018199999999999994	-0.020699999999999996	-0.01206666666666667	-0.021166666666666667	-0.017100000000000004	-0.009366666666666662	-0.010133333333333328	0.021266666666666656	0.021766666666666684	0.006266666666666698	0.007500000000000007	0.003899999999999987	0.005966666666666703
B01	-0.010600000000000012	-0.002433333333333315	0.005499999999999977	0.008066666666666666	0.0032999999999999974	0.007299999999999973	0.005433333333333318	0.004866666666666658	0.008200000000000013	0.007933333333333348	0.004066666666666663	-0.0007333333333333081	0.0010999999999999899	0.0009333333333333416	0.0035333333333333328	0.0035666666666666624	-0.001166666666666677	0.00163333333333332	-0.001899999999999985	0.003233333333333338	-0.0013333333333333253	0.0009333333333333416	0.0034999999999999754	-0.0007666666666666933	0.0012999999999999956	0.0024666666666666726	0.001600000000000018	0.00019999999999997797	0.007099999999999995	0.0021000000000000185	-0.001999999999999974	-0.012733333333333319	0.0027333333333333376	0.0027666666666666673	0.003066666666666662	0.002266666666666639	0.0021000000000000185
B02	0.11279999999999998	0.12436666666666671	0.1364	0.14976666666666666	0.1978	0.2881	0.5996333333333334	1.1036666666666666	1.0884	0.5525333333333333	0.33976666666666666	0.3335666666666667	0.3701	0.3965333333333334	0.4537333333333333	0.5001666666666666	0.5406333333333333	0.5830333333333333	0.645	0.7180333333333333	0.7762666666666667	0.8186333333333333	0.8979	0.9461333333333334	1.0092	1.0868666666666666	1.1614	1.2344	1.2893	1.3603999999999998	1.4267999999999998	1.4481666666666668	1.4816333333333334	1.5147666666666666	1.6139666666666668	1.6088666666666667	1.7022000000000002
B03	0.12969999999999998	0.1309666666666667	0.15579999999999997	0.17076666666666668	0.21719999999999998	0.30469999999999997	0.5444333333333333	1.0773666666666666	1.2583	0.9046333333333334	0.3876666666666666	0.3484666666666667	0.37849999999999995	0.42823333333333335	0.44933333333333336	0.4979666666666667	0.5567333333333333	0.6247333333333334	0.6856000000000001	0.7475333333333333	0.8133666666666667	0.8641333333333332	0.9047	0.9905333333333334	1.052	1.1655666666666666	1.2047999999999999	1.3061	1.3302	1.4093	1.4808999999999999	1.4949666666666668	1.5127333333333335	1.5430666666666666	1.6450666666666667	1.6741666666666668	1.7356
B04	0.14066666666666666	0.12483333333333335	0.14586666666666667	0.16493333333333332	0.20826666666666668	0.3146333333333333	0.5178	1.0011999999999999	1.2752666666666668	1.0413	0.46463333333333334	0.36036666666666667	0.3673333333333333	0.3985333333333333	0.4656666666666667	0.48760000000000003	0.5634333333333333	0.5965333333333332	0.6735666666666666	0.7183333333333334	0.7773666666666667	0.8224	0.8922999999999999	0.9955333333333334	1.0384666666666666	1.1125666666666665	1.1683999999999999	1.2497666666666667	1.2985666666666666	1.3724666666666667	1.4466999999999999	-0.06136666666666666	-0.0175	-0.013033333333333313	-0.002333333333333326	0.008566666666666639	0.017999999999999988
B05	0.15793333333333337	0.13383333333333333	0.14323333333333332	0.17046666666666668	0.2046666666666667	0.28669999999999995	0.4661666666666666	0.9523333333333334	1.2485333333333335	0.9977333333333332	0.43486666666666673	0.34750000000000003	0.3627666666666667	0.4036333333333334	0.46040000000000003	0.49293333333333333	0.5278333333333333	0.5848333333333333	0.6328666666666667	0.703	0.7731	0.8414666666666667	0.8904000000000001	0.9606	1.0141333333333333	1.1023666666666667	1.1702666666666668	1.2578	1.3045666666666667	1.3802666666666668	1.4556666666666667	1.4768000000000001	1.4762	1.5428000000000002	1.6057666666666666	1.6692333333333333	1.7355333333333334
B06	0.14563333333333334	0.12983333333333333	0.15523333333333333	0.16916666666666666	0.1980666666666667	0.2408	0.29346666666666665	0.4569333333333334	1.0441333333333334	1.3962333333333334	1.4722666666666666	1.3210000000000002	0.4552666666666667	0.3805333333333334	0.44920000000000004	0.5136333333333333	0.5531333333333334	0.6139333333333333	0.6647666666666667	0.6966	0.7424000000000001	0.8359666666666666	0.9118999999999999	0.9874999999999999	0.9853333333333333	1.1080666666666665	1.1515666666666666	1.2278	1.2608666666666668	1.3267666666666666	1.4127666666666667	1.4544	1.4447	1.5272000000000001	1.5463666666666667	1.6153333333333333	1.7038333333333333
B07	-0.003266666666666654	0.012433333333333324	0.0021333333333333204	-0.005133333333333323	-0.0003333333333333244	-0.011800000000000005	-0.01043333333333335	-0.003166666666666651	-0.004766666666666669	-0.00216666666666665	-0.0037333333333333107	-0.00470000000000001	-0.007233333333333286	-0.004066666666666635	-0.005299999999999971	-0.0019666666666667	-0.006466666666666676	-0.01366666666666666	-0.011333333333333306	-0.009600000000000025	-0.010199999999999987	-0.0055333333333333345	-0.0023000000000000242	-0.0065000000000000335	-0.008266666666666672	-0.002333333333333326	6.666666666668708e-05	-0.009899999999999992	-0.0009333333333333138	-0.004533333333333334	-0.0029333333333333433	-0.007599999999999996	-0.003500000000000003	-0.00940000000000002	-0.01423333333333332	-0.009066666666666667	-0.009466666666666679
B08	0.16113333333333335	0.15053333333333332	0.17383333333333334	0.19126666666666667	0.23476666666666665	0.31289999999999996	0.5899666666666666	1.1064333333333332	1.2343333333333335	0.7401333333333333	0.5065666666666667	0.3862	0.3780666666666668	0.3936333333333334	0.4770000000000001	0.5089333333333332	0.5463333333333333	0.5944333333333333	0.6592666666666667	0.6967	0.7779	0.8259666666666666	0.911	1.008	1.0310333333333332	1.1017666666666666	1.1520666666666668	1.2457	1.2864666666666666	1.3372666666666666	1.4046666666666667	1.4038	1.4634	1.5014	1.6012666666666666	1.6194333333333333	1.7125333333333332
B09	0.18413333333333337	0.21803333333333333	0.2557333333333333	0.2847666666666667	0.3527666666666667	0.44810000000000005	0.9261666666666667	1.2466333333333333	1.1391333333333333	0.5629333333333333	0.46686666666666665	0.47550000000000003	0.4675666666666667	0.47993333333333343	0.5465000000000001	0.5777333333333333	0.6415333333333333	0.6788333333333333	0.7375666666666667	0.7894	0.8428000000000001	0.9060666666666667	0.9702	1.0693000000000001	1.1112333333333333	1.1806666666666668	1.2269666666666668	1.3311000000000002	1.3695666666666668	1.4462666666666666	1.4982666666666666	1.4604	1.5489000000000002	1.6035000000000001	1.6747666666666665	1.7155333333333334	1.8290333333333333
B10	0.13826666666666668	0.18409999999999996	0.21106666666666665	0.2258666666666667	0.28323333333333334	0.35253333333333337	0.5786666666666667	1.1050666666666669	1.2876333333333334	0.7887	0.5867	0.44656666666666667	0.46586666666666665	0.4426333333333334	0.49470000000000003	0.5553	0.6048666666666667	0.6642666666666667	0.7210666666666666	0.7591666666666667	0.8057666666666667	0.8895	0.9467666666666666	1.0241666666666667	1.0557	1.1368	1.2150333333333334	1.2800333333333334	1.3405	1.3857333333333333	1.4432666666666667	-0.022133333333333352	0.1325666666666667	0.1663666666666667	0.1743	0.17189999999999997	0.18166666666666667
B11	0.14646666666666666	0.14519999999999997	0.14996666666666666	0.17966666666666667	0.21763333333333335	0.29523333333333335	0.6516666666666666	1.0758666666666667	0.8243333333333334	0.4497	0.4637	0.35276666666666656	0.3665666666666667	0.3656333333333333	0.43279999999999996	0.48640000000000005	0.5370666666666667	0.5747666666666668	0.6447666666666667	0.6764666666666667	0.7217666666666668	0.7842	0.8384666666666667	0.9551666666666667	0.9709000000000001	1.0434	1.1091333333333333	1.1881333333333333	1.2347	1.3117333333333332	1.3483666666666667	-0.02403333333333335	0.07246666666666668	0.10536666666666669	0.11570000000000003	0.11029999999999998	0.1224666666666667
B12	0.04856666666666665	0.011699999999999988	0.01156666666666667	0.0017666666666666664	0.0038333333333333552	0.0008333333333333526	0.005666666666666653	0.011766666666666675	0.005933333333333346	0.011999999999999983	0.010999999999999982	0.006966666666666649	0.0033666666666666845	0.002533333333333332	0.005999999999999978	0.006400000000000017	0.003866666666666685	0.008366666666666689	0.00686666666666666	0.004266666666666669	0.003766666666666696	0.007500000000000007	0.00796666666666665	0.006066666666666692	0.0030000000000000027	0.00520000000000001	0.004333333333333328	0.0004333333333333411	0.007900000000000018	0.006633333333333324	0.006966666666666649	-0.0006333333333333468	0.004366666666666685	0.0014666666666666717	0.0068000000000000005	-0.0029000000000000137	0.0013666666666666827
C01	0.014433333333333326	0.0015666666666666607	-0.007566666666666666	-0.007500000000000007	-0.006033333333333335	-0.009799999999999975	-0.005066666666666664	-0.0038333333333333552	-0.004033333333333333	-0.00786666666666666	-0.006000000000000005	-0.001066666666666688	-0.0024666666666666726	-0.0021999999999999797	-0.003799999999999998	-0.004733333333333339	-0.003333333333333327	-0.004333333333333328	-0.002799999999999969	-0.004366666666666685	-0.002533333333333332	-0.004233333333333339	-0.0028666666666666563	-0.004233333333333339	-0.0027333333333333376	-0.0030000000000000027	-0.0012000000000000066	-0.0028666666666666563	-0.004233333333333339	-0.0027666666666666673	-0.0013000000000000234	-0.003233333333333338	-0.009033333333333338	-0.008866666666666662	-0.008133333333333326	-0.008366666666666661	-0.008000000000000007
C02	0.17373333333333335	0.14196666666666666	0.14353333333333332	0.163	0.20206666666666667	0.2511	0.36913333333333337	0.7396666666666666	1.2177666666666667	1.2438333333333333	0.7917000000000001	0.4522333333333334	0.40003333333333335	0.43279999999999996	0.4657	0.5088666666666667	0.5666666666666667	0.6445666666666666	0.7138000000000001	0.7534333333333333	0.8327666666666667	0.8828666666666666	0.9431333333333334	1.0261666666666667	1.0708666666666666	1.1743999999999999	1.2383	1.3076333333333332	1.3583666666666665	1.3955333333333333	1.5042	1.5319666666666667	1.5329666666666666	1.5721333333333334	1.6741666666666668	1.6707333333333334	1.7711
C03	0.1554333333333333	0.15536666666666668	0.16513333333333333	0.19119999999999995	0.22436666666666666	0.3358	0.5805333333333333	1.0551666666666668	1.2359666666666667	1.0508333333333333	0.4252	0.3965333333333334	0.40003333333333335	0.4266	0.4669	0.5256666666666666	0.5875666666666667	0.6096666666666666	0.6889000000000001	0.7452333333333333	0.7949666666666667	0.8589666666666665	0.9383333333333332	1.0073666666666665	1.0655666666666668	1.1524999999999999	1.184	1.2900333333333331	1.3416666666666666	1.3870333333333333	1.4815	-0.03153333333333334	0.0007666666666666655	-0.0055666666666666365	0.008866666666666662	0.007133333333333325	0.0189
C04	0.1670333333333333	0.16356666666666667	0.17446666666666663	0.19206666666666666	0.21793333333333334	0.28226666666666667	0.4037666666666667	0.6462333333333333	1.1586	1.1656666666666669	0.7216	0.42636666666666667	0.4031666666666667	0.4473666666666667	0.5061666666666667	0.5459999999999999	0.5984	0.6662666666666667	0.7326666666666667	0.7711	0.8532666666666666	0.8792333333333333	0.9660666666666666	1.0479333333333334	1.103	1.1789	1.2482000000000002	1.312	1.3946666666666667	1.4257333333333335	1.5249000000000001	1.5625666666666667	1.5771666666666668	1.5908333333333333	1.6998	1.7222333333333335	1.8013666666666666
C05	0.1904333333333333	0.15336666666666668	0.163	0.18683333333333332	0.22310000000000002	0.2811	0.4068333333333334	0.6272333333333333	1.1856666666666666	1.2405333333333335	0.7970666666666667	0.4262333333333333	0.4023	0.4443999999999999	0.48473333333333335	0.5130333333333333	0.5802666666666667	0.6276333333333334	0.6975	0.7251	0.8047666666666666	0.8513666666666666	0.9105333333333333	0.9882666666666666	1.0537666666666667	1.1347333333333334	1.1651666666666667	1.2576333333333332	1.3137666666666667	1.3500999999999999	1.4512333333333334	1.4399	1.5058333333333334	1.540166666666667	1.6145333333333332	1.6397666666666666	1.7158
C06	0.19803333333333334	0.20126666666666668	0.20569999999999997	0.19213333333333335	0.1926	0.21059999999999998	0.24733333333333332	0.33163333333333334	0.7296666666666666	1.2103333333333335	1.2654666666666667	0.5158333333333334	0.3702000000000001	0.39969999999999994	0.4401333333333334	0.4942333333333333	0.5632666666666667	0.6217333333333334	0.6731999999999999	0.7471	0.8021666666666666	0.8671666666666665	0.9403333333333334	0.9977666666666667	1.0515666666666665	1.1026333333333334	1.1964666666666668	1.3060333333333332	1.3578666666666668	1.3699999999999999	1.4963333333333333	1.4779	1.5373333333333334	1.5375666666666667	1.6254333333333335	1.6532666666666667	1.7348
C07	-0.00016666666666667607	-0.02053333333333332	-0.02250000000000002	-0.014566666666666672	-0.02209999999999998	-0.008600000000000024	-0.008766666666666645	-0.014966666666666656	-0.018133333333333335	-0.01626666666666665	-0.012033333333333368	-0.018766666666666654	-0.013899999999999996	-0.01720000000000002	-0.015966666666666685	-0.01736666666666664	-0.013433333333333325	-0.008866666666666662	-0.01040000000000002	-0.009399999999999992	-0.010533333333333339	-0.01823333333333335	-0.018466666666666673	-0.017633333333333334	-0.012133333333333357	-0.01796666666666666	-0.017033333333333345	-0.01946666666666666	-0.018933333333333344	-0.018000000000000002	-0.017966666666666672	-0.003400000000000014	-0.015266666666666664	-0.013933333333333325	-0.01206666666666667	-0.015433333333333354	-0.01780000000000001
C08	0.14103333333333334	0.1234666666666667	0.148	0.16513333333333333	0.2087	0.3095	0.5531333333333334	1.0560333333333334	1.2564666666666666	0.8179333333333334	0.4319666666666667	0.3847333333333333	0.3901	0.39879999999999993	0.45753333333333335	0.4991333333333333	0.5408666666666667	0.6161333333333333	0.6662	0.705	0.7896666666666666	0.8426666666666667	0.8970333333333332	0.9898666666666667	1.0145666666666666	1.1395333333333335	1.1761666666666668	1.2679333333333334	1.3227666666666666	1.3404	1.4678333333333333	-0.023700000000000013	-0.018366666666666656	0.02936666666666668	0.054333333333333345	0.05736666666666665	0.0728
C09	0.15333333333333332	0.16416666666666666	0.1842	0.20793333333333333	0.23870000000000002	0.31520000000000004	0.5027333333333334	0.8369333333333333	1.2754666666666665	1.1338333333333335	0.8069666666666667	0.4098333333333333	0.405	0.4150999999999999	0.4764333333333334	0.5196333333333333	0.5988666666666667	0.6305333333333333	0.7126	0.7231	0.8114666666666667	0.8439666666666666	0.9396333333333332	1.0346666666666666	1.0639666666666665	1.1677333333333335	1.1989666666666667	1.2931333333333332	1.3608666666666667	1.3726	1.4865333333333333	1.4817	1.5302333333333333	1.5460666666666665	1.6182333333333334	1.6424666666666665	1.7638
C10	0.17536666666666664	0.20249999999999999	0.2061666666666667	0.22676666666666664	0.21833333333333332	0.23593333333333336	0.2818666666666666	0.38416666666666666	0.9135333333333333	1.2667	1.2291999999999998	0.5631666666666666	0.4222666666666667	0.4179333333333333	0.4686	0.5345	0.5754666666666667	0.6450666666666667	0.6864666666666667	0.7271666666666666	0.8050666666666667	0.8594999999999999	0.9245666666666666	1.0230666666666668	1.0528	1.1388	1.1608333333333334	1.2753333333333334	1.3234	1.3749333333333333	1.4723666666666666	-0.021333333333333343	0.10796666666666668	0.1517666666666667	0.16349999999999998	0.16019999999999998	0.1682666666666667
C11	0.14696666666666666	0.14969999999999997	0.18786666666666665	0.18966666666666668	0.20783333333333331	0.2595333333333334	0.38696666666666657	0.8087666666666666	1.2082333333333333	1.0342	0.5817	0.37796666666666656	0.3976666666666667	0.4030333333333333	0.4497	0.49939999999999996	0.5666666666666667	0.6143666666666667	0.6541666666666667	0.7172666666666666	0.7892666666666667	0.8557999999999999	0.9297666666666667	0.9987666666666666	1.0242	1.1425	1.1785333333333334	1.2862333333333333	1.3336	1.3710333333333333	1.4591666666666667	1.4883666666666666	1.5668666666666669	1.5716666666666665	1.661	1.6999	1.8223666666666667
C12	-0.03363333333333335	-0.023200000000000012	-0.01363333333333333	0.002066666666666661	-0.010866666666666663	0.0029333333333333433	0.003166666666666651	-0.008233333333333315	0.0006333333333333468	-0.0058	-0.005100000000000021	-0.0006333333333333468	0.0018666666666666831	0.005033333333333334	0.003699999999999981	-0.005299999999999999	0.0005666666666666875	-0.002533333333333332	-0.004733333333333339	0.007566666666666666	0.005566666666666692	-0.0040000000000000036	-0.0017333333333333367	-0.0032333333333333103	0.005500000000000005	-0.0040000000000000036	0.0011333333333333195	0.0064333333333333464	-0.005599999999999994	-0.004566666666666663	-0.004833333333333328	0.00926666666666666	0.002866666666666684	0.004466666666666674	-0.001799999999999996	0.013399999999999995	0.002166666666666678
D01	-0.017733333333333337	-0.01363333333333333	-0.002166666666666678	0.00523333333333334	0.005866666666666659	0.0027666666666666673	-0.0028666666666666563	0.0006333333333333191	0.0019666666666666444	0.0014000000000000123	0.0021333333333333204	0.0010000000000000009	0.0016999999999999793	0.0032666666666666677	0.0023666666666666836	0.004666666666666708	0.004499999999999976	0.002066666666666661	0.0032666666666666677	0.0029000000000000137	0.0037333333333333107	0.0049000000000000155	0.0040999999999999925	0.004333333333333328	0.003933333333333344	0.0040000000000000036	0.0004333333333333411	0.0024666666666666726	0.0015666666666666607	0.0025666666666666615	0.0027333333333333376	0.007199999999999998	0.007033333333333336	0.00906666666666664	0.006666666666666682	0.008300000000000002	0.008099999999999996
D02	0.14326666666666665	0.15916666666666665	0.15913333333333335	0.19873333333333335	0.25026666666666664	0.3073666666666667	0.4460333333333333	0.6939333333333333	1.0519666666666667	0.9399	0.45613333333333334	0.4284	0.46199999999999997	0.5071666666666667	0.5357666666666667	0.5544666666666668	0.6323	0.6948666666666666	0.7212666666666667	0.8214	0.8692333333333333	0.9478	1.0366000000000002	1.0850333333333333	1.1547333333333332	1.2304	1.3016333333333334	1.4081666666666668	1.4562666666666666	1.4990666666666668	1.5861333333333334	1.5715	1.6379333333333332	1.6439666666666668	1.7385666666666666	1.7818999999999998	1.8809
D03	0.14126666666666665	0.16116666666666665	0.16133333333333333	0.19203333333333336	0.22996666666666668	0.30296666666666666	0.5439333333333333	1.0588333333333333	1.1360666666666668	0.8748	0.40073333333333333	0.4099999999999999	0.4285	0.4613666666666667	0.47496666666666676	0.5376666666666667	0.5985	0.6509666666666667	0.6973666666666667	0.7575	0.8226333333333333	0.8876999999999999	0.9555999999999999	1.0043333333333333	1.0537333333333332	1.1615	1.2002333333333333	1.2823666666666667	1.3612666666666666	1.3954666666666666	1.5017333333333334	1.5049	1.5698333333333334	1.6072666666666668	1.6695666666666666	1.7030999999999998	1.8205999999999998
D04	0.1338666666666667	0.14359999999999998	0.1727	0.1895	0.23016666666666666	0.32319999999999993	0.4749333333333333	0.9928333333333333	1.2524666666666666	1.0834333333333332	0.4245000000000001	0.3914000000000001	0.4150333333333333	0.4588333333333333	0.5075333333333334	0.5557666666666667	0.5982333333333334	0.6503333333333333	0.7267666666666667	0.7882333333333333	0.8493666666666666	0.9437333333333333	0.9904999999999999	1.0646	1.1352666666666669	1.1982333333333333	1.2748666666666668	1.3206	1.3997000000000002	1.4458333333333333	1.5114333333333334	1.5687333333333333	1.5789666666666666	1.6390666666666667	1.7227	1.7850666666666668	1.8238333333333332
D05	0.14016666666666666	0.19243333333333335	0.20023333333333335	0.22413333333333332	0.2635666666666666	0.3074	0.5070333333333333	1.0514333333333332	1.2561	0.9567000000000001	0.4206333333333334	0.4159666666666667	0.43476666666666663	0.4818666666666668	0.5097	0.5473333333333333	0.6035999999999999	0.6717	0.7220333333333333	0.7747666666666666	0.8222333333333334	0.8805	0.9862666666666667	1.0334333333333334	1.1049	1.1836333333333333	1.2298	1.3092	1.381	1.4400666666666666	1.4985666666666668	1.5276333333333334	1.5469333333333333	1.5882333333333332	1.6545333333333334	1.6987999999999999	1.8107666666666669
D06	0.1654666666666667	0.17093333333333333	0.19033333333333333	0.21443333333333334	0.2609666666666667	0.32430000000000003	0.5406333333333334	1.1226333333333334	1.1654	0.7264999999999999	0.4107333333333334	0.4129666666666667	0.4329666666666667	0.47076666666666667	0.5038	0.5655333333333333	0.6015999999999999	0.6562	0.7093333333333334	0.7679666666666666	0.8151333333333334	0.9047999999999999	0.9868666666666667	1.0318333333333334	1.101	1.1829333333333332	1.251	1.2961	1.3741	1.4505666666666668	1.4958666666666667	-0.03766666666666667	-0.056866666666666676	-0.05386666666666666	-0.06176666666666665	-0.049100000000000005	0.016466666666666657
D07	-0.003333333333333327	0.006033333333333335	0.013633333333333358	0.0054333333333333456	0.014066666666666672	0.002599999999999991	0.0036333333333333218	0.004433333333333345	0.007599999999999996	0.006099999999999994	0.005133333333333351	0.007466666666666649	0.0069666666666666766	0.007266666666666699	0.006800000000000028	0.008933333333333321	0.005399999999999988	0.004399999999999987	0.004533333333333334	0.0035666666666666347	0.004533333333333361	0.011300000000000004	0.0071666666666666545	0.011333333333333334	0.005400000000000016	0.006633333333333324	0.0040000000000000036	0.015100000000000002	0.0066000000000000225	0.00786666666666666	0.00626666666666667	0.005133333333333337	0.01373333333333332	0.013933333333333325	0.011133333333333356	0.0116	0.015966666666666657
D08	0.15206666666666668	0.16333333333333333	0.18803333333333336	0.20533333333333334	0.2514666666666666	0.32330000000000003	0.7434333333333334	1.1900333333333335	1.0482	0.4742	0.35963333333333336	0.3798666666666667	0.4101666666666667	0.4401666666666667	0.4919	0.5237333333333333	0.5905999999999999	0.6197	0.6624333333333333	0.7450666666666667	0.8054333333333333	0.8708999999999999	0.9350666666666666	1.0072333333333334	1.0449	1.1323333333333334	1.2086	1.2621	1.3384	1.4015666666666666	1.4825666666666668	1.4850333333333334	1.5239333333333334	1.5514333333333332	1.6291333333333333	1.6967999999999999	1.7513666666666667
D09	0.15886666666666666	0.18883333333333335	0.21653333333333333	0.22853333333333334	0.2821666666666667	0.3467	0.7792333333333333	1.2074333333333334	1.1368	0.5005	0.4048333333333334	0.4109666666666667	0.4543666666666667	0.4683666666666667	0.5294	0.5734333333333332	0.6407999999999999	0.6877	0.7206333333333333	0.7995666666666666	0.8500333333333334	0.9044	0.9952666666666666	1.0624333333333333	1.1324999999999998	1.2074333333333334	1.2617999999999998	1.3491	1.4237	1.4449666666666667	1.5223666666666666	-0.018766666666666668	0.06613333333333332	0.11203333333333332	0.12593333333333337	0.12269999999999998	0.12986666666666669
D10	0.14883333333333332	0.1604	0.17870000000000005	0.20203333333333334	0.2521	0.29346666666666665	0.634	1.1336666666666666	1.0794333333333332	0.48550000000000004	0.3873333333333334	0.3779666666666667	0.4134	0.4342666666666667	0.48173333333333335	0.5383	0.5945666666666667	0.6208	0.6856	0.7505666666666667	0.8195666666666667	0.8779666666666666	0.9642666666666666	0.9967	1.0678333333333334	1.1573666666666667	1.1889333333333332	1.2729	1.3383666666666667	1.3679666666666668	1.4649666666666668	1.4890333333333334	1.5485333333333333	1.5799666666666667	1.6807666666666667	1.6788666666666667	1.8138
D11	0.14803333333333335	0.15239999999999998	0.17380000000000004	0.20003333333333334	0.23029999999999998	0.2858666666666667	0.7258	1.0990666666666669	0.9132333333333335	0.4233	0.38683333333333336	0.3715666666666667	0.3802	0.4227666666666666	0.4782333333333333	0.522	0.5862666666666667	0.6509	0.6809	0.7136666666666667	0.8066666666666666	0.8520666666666667	0.9367666666666667	1.006	1.0536333333333334	1.1488666666666667	1.1855333333333333	1.2589	1.3152666666666666	1.3624666666666667	1.4507666666666668	1.4965333333333333	1.5496333333333334	1.5799666666666667	1.6692666666666667	1.6876666666666666	1.7984
D12	0.009733333333333344	0.015600000000000003	0.0029000000000000414	-0.006566666666666665	0.0032999999999999974	-0.007633333333333325	-0.012399999999999994	-0.007833333333333303	-0.009966666666666651	-0.00739999999999999	-0.009866666666666635	-0.008933333333333321	-0.009999999999999981	-0.012233333333333318	-0.013366666666666666	-0.006099999999999994	-0.009133333333333327	-0.009399999999999992	-0.006099999999999994	-0.016233333333333322	-0.01373333333333332	-0.007533333333333336	-0.009833333333333333	-0.007599999999999996	-0.014266666666666677	-0.005333333333333357	-0.01046666666666668	-0.010599999999999998	-0.004833333333333356	-0.006633333333333324	-0.00633333333333333	-0.00686666666666666	-0.006766666666666657	-0.008233333333333342	-0.008633333333333326	-0.015433333333333327	-0.007300000000000001
E01	0.015700000000000006	0.022333333333333316	0.011800000000000005	-0.006133333333333324	-0.0043333333333333	0.0016666666666666774	0.0032666666666666677	-0.004433333333333317	-0.005833333333333329	-0.0010000000000000009	0.0001333333333333464	-0.003933333333333344	-0.0031000000000000194	-0.006233333333333341	-0.001600000000000018	-0.005466666666666675	-0.007099999999999995	-0.0013999999999999846	-0.006233333333333341	-0.0031333333333333213	-0.006766666666666643	-0.007800000000000029	-0.007033333333333336	-0.009666666666666657	-0.007166666666666682	-0.008533333333333337	-0.00250000000000003	-0.005199999999999982	-0.006199999999999983	-0.004299999999999998	-0.005533333333333362	-0.0030333333333333323	-0.003400000000000014	-0.006333333333333302	-0.006099999999999994	-0.004833333333333301	-0.00523333333333334
E02	0.1456	0.14083333333333334	0.14859999999999998	0.1812666666666667	0.2207666666666667	0.3037666666666667	0.5655666666666667	1.0344666666666666	1.1773666666666667	0.9955	0.4337333333333334	0.4470666666666667	0.4105	0.4411666666666667	0.46299999999999997	0.5060333333333333	0.5662	0.6439	0.6872666666666667	0.7355666666666667	0.8146333333333334	0.8456999999999999	0.9298666666666667	0.9961333333333333	1.0669333333333333	1.1362666666666668	1.24	1.2910000000000001	1.3758	1.3956	1.4680666666666666	1.4813666666666667	1.5732	1.5426666666666669	1.6546	1.6576666666666666	1.7681666666666667
E03	0.1502	0.1472333333333333	0.15059999999999998	0.18786666666666668	0.22346666666666667	0.25506666666666666	0.3413666666666667	0.49836666666666674	1.0655666666666666	1.2607	0.9373333333333334	0.4827666666666667	0.4061	0.45186666666666664	0.46429999999999993	0.5268333333333333	0.6052	0.6504	0.6950666666666667	0.7699666666666667	0.8377333333333333	0.9030999999999999	0.9582666666666667	1.0297333333333334	1.0997333333333335	1.1539666666666666	1.2524	1.3393000000000002	1.3852	1.4509	1.5219666666666667	1.5406666666666669	1.583	1.5909666666666669	1.6772	1.7194666666666667	1.8148666666666666
E04	0.13926666666666665	0.1529	0.1543333333333333	0.2057	0.22929999999999998	0.32780000000000004	0.5694	0.9305666666666667	1.1110666666666666	0.7730333333333332	0.41816666666666663	0.36893333333333334	0.3902	0.4310333333333334	0.4552666666666666	0.5201	0.5624333333333333	0.6281333333333333	0.6906666666666668	0.7505666666666667	0.7878999999999999	0.8722000000000001	0.9265333333333332	0.9972	1.0562333333333331	1.1051000000000002	1.1996666666666667	1.2639	1.3305666666666667	1.3932	1.4593666666666665	-0.012700000000000003	-0.025300000000000003	-0.0150666666666667	-0.0011333333333333195	-0.0026666666666666505	0.0017666666666666664
E05	0.1655333333333333	0.17596666666666666	0.18003333333333332	0.1876	0.21746666666666667	0.2432666666666667	0.3189	0.46419999999999995	1.0266666666666666	1.2252333333333332	0.7751666666666667	0.4048333333333334	0.3756666666666667	0.4277000000000001	0.46463333333333334	0.5154000000000001	0.5648	0.6300666666666667	0.6792999999999999	0.7314333333333334	0.8077666666666666	0.8618666666666666	0.9341333333333334	1.007	1.0588	1.1568999999999998	1.2218	1.2949000000000002	1.3730333333333333	1.4027666666666665	1.4980666666666667	1.5134333333333334	1.5626	1.5670333333333333	1.6606333333333334	1.7085	1.8075666666666668
E06	0.16283333333333333	0.16116666666666662	0.17293333333333333	0.17880000000000001	0.20646666666666666	0.22856666666666664	0.259	0.32439999999999997	0.6495666666666667	1.2658333333333334	1.4909666666666668	1.2502333333333333	0.4332666666666667	0.41070000000000007	0.4539333333333333	0.5107	0.5648	0.5969666666666666	0.6507	0.7365333333333334	0.7970666666666667	0.8896666666666666	0.9199333333333334	0.9753000000000001	1.0679	1.126	1.213	1.2458	1.3165333333333333	1.3839666666666668	1.4579666666666666	1.5253333333333334	1.5567	1.5555333333333334	1.5981333333333334	1.6703000000000001	1.7489666666666666
E07	0.0013333333333333253	-0.00803333333333335	-0.011566666666666683	-0.008199999999999985	-0.012333333333333363	-0.008333333333333331	-0.010399999999999993	-0.009600000000000025	-0.010133333333333328	-0.010966666666666652	-0.012733333333333346	-0.00956666666666664	-0.011433333333333351	-0.012199999999999989	-0.012466666666666681	-0.012899999999999967	-0.011200000000000015	-0.013033333333333341	-0.01050000000000001	-0.010666666666666658	-0.01093333333333335	-0.011833333333333335	-0.009066666666666667	-0.013299999999999979	-0.009599999999999997	-0.010399999999999993	-0.009700000000000014	-0.014000000000000012	-0.010666666666666658	-0.010533333333333339	-0.010133333333333355	-0.0003666666666666679	-0.006300000000000014	-0.008166666666666655	-0.007166666666666682	-0.0067000000000000115	-0.008833333333333332
E08	0.1530333333333333	0.16316666666666663	0.1691333333333333	0.18580000000000002	0.21656666666666666	0.3012666666666667	0.5028999999999999	0.9805	1.1499666666666668	0.7040333333333334	0.4030666666666667	0.3642333333333334	0.36836666666666673	0.4132	0.45923333333333327	0.4929	0.5532	0.6110666666666666	0.6838	0.7069333333333334	0.7930666666666667	0.8252666666666666	0.9297333333333334	0.9835	1.0411	1.1117	1.1731	1.27	1.3164333333333333	1.3596666666666666	1.4691666666666667	1.4865333333333333	1.5178	1.5237333333333334	1.6344333333333334	1.6699	1.7808666666666668
E09	0.15743333333333331	0.15246666666666664	0.1696333333333333	0.19020000000000004	0.23386666666666664	0.2917666666666667	0.5329999999999999	0.9612999999999999	1.1188666666666667	0.6982333333333334	0.4177666666666666	0.3825333333333334	0.3846666666666667	0.4262	0.4538333333333333	0.4912000000000001	0.5586	0.6048666666666667	0.6704	0.7087333333333333	0.8002666666666667	0.8445666666666667	0.9270333333333333	1.0054	1.0447	1.1084	1.1722000000000001	1.2703000000000002	1.3071333333333335	1.3260666666666667	1.4535666666666667	-0.014666666666666675	0.0033999999999999864	0.06863333333333332	0.09083333333333332	0.09440000000000001	0.09796666666666665
E10	0.12486666666666665	0.15926666666666664	0.17746666666666663	0.2006666666666667	0.25939999999999996	0.3164666666666667	0.5608	1.0593666666666666	1.1610666666666667	0.5991333333333334	0.44233333333333336	0.4137666666666667	0.39646666666666663	0.41559999999999997	0.48716666666666664	0.5272333333333333	0.5749666666666666	0.6209666666666667	0.7045333333333332	0.7369000000000001	0.7976	0.8744333333333334	0.9157	0.9962	1.0601666666666667	1.1256	1.2073	1.2995	1.3482999999999998	1.3776333333333335	1.4796666666666667	1.4848	1.5452333333333335	1.5522666666666667	1.6693666666666667	1.6830666666666667	1.8013333333333335
E11	0.12706666666666666	0.15296666666666667	0.17396666666666663	0.21286666666666668	0.24909999999999996	0.32266666666666666	0.7382	1.0869666666666666	0.9241666666666666	0.43033333333333335	0.39923333333333333	0.3960666666666667	0.39926666666666666	0.4144	0.4494666666666667	0.49683333333333335	0.5264666666666666	0.5943666666666667	0.6506333333333333	0.6880999999999999	0.7437	0.7985333333333334	0.8676999999999999	0.9444000000000001	0.9691666666666667	1.0664	1.1115	1.2184000000000001	1.261	1.3101333333333334	1.4108666666666667	-0.017600000000000005	-0.006866666666666674	0.01996666666666666	0.07326666666666667	0.07726666666666665	0.09113333333333334
E12	-0.007633333333333339	-0.0037333333333333385	-0.00023333333333336315	0.006766666666666671	0.010999999999999982	0.01206666666666667	0.013800000000000007	0.01576666666666665	0.014466666666666655	0.01213333333333333	0.016133333333333333	0.015966666666666685	0.018066666666666648	0.019099999999999978	0.01726666666666668	0.01723333333333335	0.016566666666666674	0.015466666666666656	0.017233333333333323	0.018700000000000022	0.01849999999999999	0.01723333333333335	0.0174	0.0179	0.020866666666666644	0.015899999999999997	0.01560000000000003	0.014999999999999986	0.013399999999999995	0.015233333333333321	0.018066666666666675	0.00019999999999999185	0.00683333333333333	0.009566666666666668	0.014966666666666656	0.015466666666666656	0.013233333333333347
F01	-0.017899999999999985	-0.0228	-0.027599999999999986	-0.016466666666666657	-0.008033333333333337	-0.014666666666666661	-0.0145666666666667	-0.005400000000000016	-0.005100000000000021	-0.006633333333333324	-0.007000000000000006	-0.00413333333333335	-0.0034666666666666734	-0.0024000000000000132	-0.006033333333333335	-0.0018000000000000238	0.0007000000000000062	-0.005866666666666687	-0.002433333333333315	-0.004733333333333339	-0.0007000000000000062	0.0007666666666666655	-0.0012333333333333363	0.002333333333333326	-0.0015000000000000013	0.0012333333333333085	-0.0030333333333333323	-0.0018333333333333535	0.001566666666666633	-0.0026333333333333486	-0.0009333333333333138	-0.0025666666666666754	-0.004300000000000012	-0.0030999999999999917	0.0007333333333333081	-0.003400000000000014	-0.0029333333333333156
F02	0.13520000000000004	0.14989999999999998	0.15580000000000002	0.19893333333333332	0.23256666666666667	0.3100333333333334	0.5708333333333333	0.9983	1.0592	0.7611666666666668	0.4072	0.4007666666666666	0.4158333333333334	0.4364	0.47376666666666667	0.5373	0.573	0.6453333333333333	0.6891666666666666	0.7499666666666667	0.8336	0.8678666666666667	0.9488666666666667	1.0182333333333333	1.1037000000000001	1.1514333333333333	1.2168666666666665	1.2949666666666666	1.3741666666666665	1.4204666666666665	1.4817666666666667	0.000733333333333322	-0.014600000000000016	-0.0126	-0.006466666666666676	0.011699999999999988	0.018966666666666687
F03	0.1422	0.1528	0.13610000000000003	0.2005333333333333	0.23506666666666667	0.31323333333333336	0.5829333333333333	1.0107	1.1137	0.8311666666666667	0.40959999999999996	0.41666666666666663	0.41223333333333334	0.44200000000000006	0.47506666666666664	0.5184	0.5796	0.6245333333333334	0.6916666666666667	0.7272666666666667	0.8005	0.8544666666666666	0.9207666666666667	0.9996333333333334	1.0731	1.1087333333333333	1.2083666666666666	1.2729666666666666	1.3433666666666666	1.3988666666666667	1.4601666666666668	-0.02906666666666667	-0.030200000000000005	-0.029599999999999987	-0.03466666666666669	-0.0266	-0.032033333333333316
F04	0.13876666666666665	0.13526666666666665	0.1552333333333333	0.1953	0.2144333333333333	0.29289999999999994	0.4456666666666667	0.8264	1.1532666666666667	1.1124666666666667	0.5133666666666666	0.39736666666666676	0.40713333333333335	0.4242666666666667	0.4457	0.5088333333333334	0.5521333333333334	0.6191666666666666	0.6718	0.7351	0.7945666666666666	0.8429333333333333	0.9218666666666667	0.9861666666666667	1.0380666666666667	1.1023333333333332	1.1971	1.2550666666666666	1.3395333333333332	1.3875	1.4596666666666667	1.5069666666666666	1.5363666666666667	1.5584666666666667	1.6427333333333334	1.6611666666666665	1.7364333333333335
F05	0.15863333333333332	0.17960000000000004	0.21100000000000002	0.21873333333333336	0.2601	0.33166666666666667	0.5994666666666666	1.0598666666666665	1.1325333333333334	0.7505999999999999	0.4081666666666667	0.3943	0.4215	0.46673333333333333	0.47453333333333336	0.5300333333333334	0.5830333333333333	0.6327333333333334	0.6840999999999999	0.7537333333333334	0.8063666666666667	0.8506333333333334	0.9347333333333333	0.9882000000000001	1.0459333333333334	1.1227	1.2120333333333333	1.2855666666666667	1.3533	1.4263000000000001	1.4816333333333334	1.5070666666666668	1.5333666666666668	1.5552000000000001	1.6805333333333332	1.6816	1.7407
F06	0.15063333333333334	0.1617	0.17660000000000003	0.21333333333333335	0.24400000000000002	0.3088666666666666	0.5304666666666666	1.0315666666666665	1.0864333333333334	0.7062999999999999	0.39436666666666664	0.3898999999999999	0.41899999999999993	0.4588333333333333	0.48973333333333335	0.5550333333333334	0.6038333333333333	0.6551333333333333	0.717	0.7525333333333333	0.8277666666666667	0.8855333333333333	0.9558333333333332	1.0263	1.0889333333333333	1.161	1.2461333333333333	1.3378666666666668	1.4192	1.4396	1.5282333333333333	1.5463666666666667	1.5917666666666666	1.5971000000000002	1.6975333333333333	1.728	1.8015999999999999
F07	0.000633333333333333	0.008800000000000016	0.01230000000000002	0.015833333333333338	0.017100000000000004	0.01846666666666666	0.019266666666666654	0.01836666666666667	0.017833333333333312	0.0189	0.01946666666666666	0.01739999999999997	0.019199999999999995	0.018633333333333335	0.021133333333333337	0.019233333333333325	0.01783333333333334	0.021933333333333332	0.017499999999999988	0.020633333333333337	0.018866666666666643	0.017133333333333334	0.017033333333333317	0.018500000000000016	0.01833333333333334	0.01880000000000001	0.02043333333333333	0.01846666666666666	0.0179	0.017999999999999988	0.018133333333333335	-0.001433333333333342	0.0070666666666666655	0.012400000000000022	0.018233333333333324	0.016199999999999992	0.01469999999999999
F08	0.15023333333333333	0.1512	0.18110000000000004	0.21253333333333332	0.23629999999999998	0.29756666666666665	0.6531666666666667	1.1011666666666666	1.1155333333333333	0.5496000000000001	0.37416666666666665	0.38469999999999993	0.4110999999999999	0.44023333333333325	0.45163333333333333	0.5127333333333334	0.5695333333333333	0.6097333333333333	0.6527999999999999	0.7054333333333334	0.7860666666666667	0.8506333333333334	0.9000333333333334	0.9659000000000001	1.0421333333333334	1.123	1.1792333333333334	1.2842666666666667	1.3469000000000002	1.3877000000000002	1.4639333333333333	1.4852666666666667	1.5540666666666665	1.5631000000000002	1.6623333333333332	1.6831	1.7442
F09	0.15483333333333332	0.1699	0.1875	0.21263333333333337	0.25949999999999995	0.3462666666666666	0.8446666666666667	1.0275666666666665	0.6917333333333333	0.4038	0.37026666666666663	0.38169999999999993	0.41769999999999996	0.45853333333333335	0.4884333333333333	0.5277333333333334	0.5794333333333334	0.6522333333333333	0.6740999999999999	0.7383333333333333	0.8045666666666667	0.8436333333333333	0.9205333333333333	1.0011999999999999	1.0634333333333335	1.1248	1.1973333333333334	1.2943666666666667	1.351	1.3840000000000001	1.4773333333333334	1.5024666666666666	1.5353666666666665	1.5762	1.6721333333333332	1.6866	1.7504
F10	0.13493333333333335	0.14886666666666667	0.17763333333333334	0.20749999999999996	0.2622666666666667	0.3179666666666666	0.7516666666666667	1.0648666666666666	0.9049666666666667	0.42510000000000003	0.3813333333333333	0.3733666666666667	0.39149999999999996	0.4365	0.4760333333333333	0.5124333333333333	0.5670666666666667	0.6089333333333334	0.6852333333333334	0.7156333333333333	0.7723333333333333	0.8391333333333333	0.8938333333333333	0.9735333333333334	1.02	1.1042333333333332	1.1732333333333334	1.2596333333333334	1.3072666666666666	1.3433333333333333	1.4464666666666666	-0.0092	0.012600000000000028	0.05943333333333334	0.08163333333333334	0.08963333333333334	0.09416666666666665
F11	0.12813333333333338	0.12696666666666664	0.14283333333333334	0.17209999999999998	0.2254666666666667	0.32886666666666664	0.7855666666666667	0.9276666666666666	0.5916666666666666	0.3779	0.3560333333333333	0.3618666666666666	0.37429999999999997	0.4062	0.48873333333333324	0.5074333333333333	0.5536666666666666	0.5856333333333333	0.6475333333333334	0.7140333333333333	0.7785333333333333	0.8326333333333333	0.8786333333333334	0.9803333333333333	1.0034	1.1256333333333335	1.1677333333333333	1.2705333333333333	1.3114666666666666	1.3449333333333335	1.4562666666666666	1.4834	1.5249000000000001	1.5483333333333333	1.6328333333333334	1.6766333333333332	1.7410666666666665
F12	0.013033333333333355	-0.003133333333333349	0.00633333333333333	-0.0032000000000000084	-0.013533333333333314	-0.010233333333333344	-0.004533333333333334	-0.007133333333333353	-0.010133333333333328	-0.004399999999999987	-0.005066666666666636	-0.013933333333333353	-0.01630000000000001	-0.01730000000000001	-0.010666666666666685	-0.01366666666666666	-0.013033333333333341	-0.009666666666666629	-0.015266666666666678	-0.011166666666666686	-0.013766666666666677	-0.01886666666666667	-0.013466666666666655	-0.016366666666666668	-0.016499999999999987	-0.014366666666666666	-0.0069666666666666766	-0.012466666666666681	-0.011633333333333329	-0.010366666666666663	-0.01633333333333334	0.002600000000000005	-0.00739999999999999	-0.010866666666666663	-0.011266666666666675	-0.013966666666666655	-0.015033333333333343
G01	0.017299999999999996	0.011733333333333346	0.03989999999999999	0.026833333333333348	0.008500000000000008	0.016733333333333322	0.021066666666666678	0.012333333333333335	0.01206666666666667	0.009666666666666657	0.00793333333333332	0.008800000000000002	0.00743333333333332	0.006966666666666649	0.008899999999999991	0.0051666666666666805	0.0053666666666666585	0.008733333333333315	0.010233333333333344	0.00993333333333335	0.00786666666666666	0.006766666666666643	0.00843333333333332	0.010300000000000004	0.009866666666666662	0.008333333333333331	0.009166666666666684	0.009533333333333338	0.0073666666666666325	0.00849999999999998	0.007133333333333325	0.0019333333333333425	0.020099999999999993	0.00793333333333332	0.004233333333333339	0.007633333333333353	0.006733333333333341
G02	0.1532	0.1602333333333333	0.15589999999999998	0.17993333333333336	0.22229999999999997	0.2986333333333333	0.5311666666666667	0.8301333333333334	0.7846666666666666	0.5988666666666667	0.3714333333333333	0.3702000000000001	0.3935333333333333	0.4289666666666667	0.4404	0.49046666666666666	0.5459666666666666	0.6041333333333333	0.6520333333333334	0.7056333333333333	0.7841666666666667	0.8414666666666667	0.9091333333333332	0.9601000000000001	1.0187666666666666	1.0866333333333333	1.1782666666666666	1.2561333333333333	1.3159666666666667	1.3687	1.4268333333333334	1.4785333333333333	1.5435999999999999	1.5498333333333334	1.6378333333333333	1.6277333333333335	1.7195333333333331
G03	0.1285	0.13133333333333333	0.12340000000000001	0.15293333333333334	0.20270000000000002	0.2936333333333333	0.5648666666666666	0.9242333333333332	1.0348666666666668	0.8580666666666666	0.40283333333333327	0.4084	0.3962333333333333	0.4383666666666667	0.47409999999999997	0.5090666666666668	0.5721666666666666	0.6266333333333333	0.6680333333333334	0.7327333333333333	0.8070666666666667	0.8443666666666667	0.9206333333333333	0.9932	1.0825666666666667	1.1273333333333333	1.1987666666666665	1.2908333333333335	1.3447666666666667	1.4076	1.4649333333333334	1.5026333333333333	1.5375999999999999	1.5858333333333332	1.6537333333333333	1.6733333333333333	1.7614333333333332
G04	0.15139999999999998	0.15896666666666667	0.14613333333333337	0.18013333333333337	0.2278	0.32156666666666667	0.5378	0.8597666666666666	0.9603666666666666	0.7630666666666667	0.42146666666666666	0.36313333333333336	0.3972	0.4387	0.4792333333333334	0.5296333333333333	0.5985666666666667	0.6639666666666667	0.7028666666666666	0.7595000000000001	0.8188333333333333	0.9112666666666668	0.9677666666666666	1.0322	1.0940666666666665	1.1645666666666667	1.2637333333333332	1.3251666666666666	1.3920666666666666	1.4485666666666666	1.5204333333333333	-0.003599999999999992	-0.01100000000000001	0.06706666666666666	0.09916666666666665	0.10386666666666669	0.10373333333333334
G05	0.1621	0.15329999999999996	0.1621333333333333	0.20120000000000002	0.22733333333333333	0.3185	0.5255666666666666	0.8140666666666667	0.8961	0.6344666666666667	0.4219666666666666	0.38213333333333344	0.40036666666666665	0.4409666666666666	0.4759333333333333	0.5357999999999999	0.5830333333333333	0.6196666666666667	0.7043666666666667	0.7271333333333334	0.8093999999999999	0.9116666666666666	0.9344000000000001	1.0225	1.1087333333333333	1.1363	1.2502666666666666	1.2926000000000002	1.4087999999999998	1.4189333333333334	1.4961333333333333	1.5654666666666666	1.5724	1.5855000000000001	1.6803333333333335	1.7034	1.7852333333333334
G06	0.1602	0.1469	0.17653333333333332	0.1918	0.21823333333333333	0.2633	0.32666666666666666	0.4745666666666667	1.084	1.3836666666666666	1.3707666666666667	0.4874333333333334	0.39016666666666666	0.43276666666666663	0.45533333333333326	0.5082	0.5969333333333333	0.6201666666666666	0.6933666666666667	0.7302333333333334	0.8182999999999999	0.8760666666666668	0.9351	1.0331	1.0678333333333332	1.166	1.2227666666666668	1.2781	1.3644999999999998	1.4333333333333331	1.4933333333333332	-0.036333333333333336	0.012100000000000014	0.008800000000000002	0.012333333333333335	0.007300000000000029	0.02403333333333335
G07	-0.005899999999999989	-0.014400000000000024	-0.020766666666666683	-0.021499999999999977	-0.021066666666666664	-0.021299999999999986	-0.021333333333333343	-0.020033333333333334	-0.019500000000000003	-0.019033333333333347	-0.018633333333333335	-0.018766666666666654	-0.018533333333333346	-0.01603333333333337	-0.017466666666666686	-0.017500000000000016	-0.01676666666666668	-0.01843333333333333	-0.018233333333333338	-0.01916666666666665	-0.018400000000000014	-0.019233333333333325	-0.01849999999999999	-0.020000000000000018	-0.020166666666666694	-0.019699999999999995	-0.01883333333333337	-0.01959999999999998	-0.016999999999999987	-0.018166666666666664	-0.01796666666666666	-0.004933333333333331	-0.015799999999999995	-0.02020000000000001	-0.02766666666666666	-0.023799999999999988	-0.023366666666666647
G08	0.152	0.1384	0.1616333333333333	0.17830000000000004	0.22883333333333333	0.29990000000000006	0.7318666666666667	0.9985666666666667	0.7773	0.39476666666666665	0.3384666666666667	0.3684333333333334	0.3815666666666666	0.43666666666666665	0.4690333333333333	0.5121	0.5466333333333333	0.6384666666666666	0.6707666666666666	0.7020333333333334	0.7716	0.8693666666666666	0.9207000000000001	0.9846	1.0517333333333334	1.1172	1.1919666666666666	1.2798	1.3731	1.3825333333333334	1.4609333333333332	1.5034666666666667	1.539	1.5771000000000002	1.6744333333333334	1.6777	1.8012333333333335
G09	0.1509	0.14049999999999999	0.15673333333333334	0.1792	0.24083333333333334	0.3197	0.7956666666666666	0.9079666666666667	0.6899	0.37476666666666664	0.3511666666666666	0.3701333333333334	0.38616666666666666	0.41736666666666666	0.4701333333333333	0.5149	0.5572333333333332	0.6285666666666666	0.6716666666666666	0.7022333333333334	0.7824	0.8570666666666668	0.9192	0.9882000000000001	1.0703333333333331	1.1128	1.1961666666666668	1.268	1.3843999999999999	1.3784333333333332	1.4607333333333332	1.5162666666666667	1.5269	1.5785	1.6862333333333335	1.6794	1.7948333333333335
G10	0.13753333333333334	0.14306666666666665	0.14933333333333335	0.1677	0.22376666666666667	0.3005	0.7776333333333333	1.0116333333333334	0.7945666666666668	0.3970666666666667	0.3571333333333333	0.34796666666666665	0.38	0.4083	0.42950000000000005	0.49163333333333337	0.5435	0.6014666666666666	0.6455333333333333	0.7367999999999999	0.7731333333333333	0.8492333333333333	0.9288333333333334	0.9920666666666667	1.0544666666666667	1.1266	1.1845666666666668	1.2845333333333333	1.3407333333333333	1.3646666666666665	1.4633333333333334	1.4920333333333333	1.5198333333333334	1.5585666666666667	1.6575666666666666	1.6883000000000001	1.7858
G11	0.14243333333333336	0.17116666666666666	0.18193333333333336	0.20859999999999998	0.2629666666666666	0.32489999999999997	0.7946333333333333	0.9589333333333333	0.6631666666666667	0.39716666666666667	0.38493333333333335	0.40396666666666664	0.39669999999999994	0.4203	0.466	0.5015333333333334	0.5356	0.6119666666666667	0.6668333333333334	0.6976	0.7756333333333333	0.8406333333333333	0.9110333333333334	0.9867666666666666	1.0441666666666667	1.1027	1.1808666666666667	1.2688333333333333	1.3235333333333335	1.3399666666666668	1.4588333333333334	1.4592333333333334	1.4964333333333335	1.5367666666666668	1.6455666666666666	1.6628	1.7708000000000002
G12	-0.009566666666666654	0.0029666666666666452	-0.008066666666666666	0.0010000000000000009	0.006366666666666659	-0.0006000000000000172	-0.0026666666666666505	0.0020333333333333314	0.006666666666666682	-0.00633333333333333	-0.010766666666666674	0.004966666666666675	0.003599999999999992	-0.002599999999999991	-0.002599999999999991	-0.008366666666666661	-0.008099999999999996	-0.0065333333333333354	-0.008166666666666655	-0.008400000000000019	-0.006566666666666665	0.002433333333333343	-0.010966666666666652	-0.005133333333333351	-0.0064333333333333464	-0.005700000000000011	-0.01373333333333332	-0.00796666666666665	-0.011966666666666681	-0.012733333333333319	-0.011266666666666675	-0.02046666666666666	-0.0034666666666666734	-0.003233333333333338	-0.007333333333333331	-0.0034999999999999754	-0.007000000000000006
H01	-0.007099999999999995	0.00523333333333334	-0.020699999999999996	-0.0026666666666666783	0.006099999999999994	0.002433333333333343	-0.004233333333333339	-0.0015666666666666884	-0.0020333333333333314	-0.0012333333333333363	-0.0003666666666666818	-0.0008999999999999841	-0.0015666666666666884	-0.0006333333333333191	-0.001700000000000007	-0.0004333333333333689	-0.003133333333333349	-0.0011666666666666492	-0.004766666666666669	-0.0035666666666666624	-0.004033333333333333	-0.004633333333333323	-0.00466666666666668	-0.009999999999999981	-0.005633333333333351	-0.006966666666666649	-0.006433333333333319	-0.005066666666666664	-0.00793333333333332	-0.0038000000000000256	-0.004566666666666663	0.0017333333333333367	-0.028399999999999995	-0.0026666666666666783	-0.0025666666666666615	-0.0034666666666666457	-0.002066666666666661
H02	0.15050000000000002	0.16143333333333335	0.1486	0.16983333333333334	0.2214	0.2825333333333333	0.4833666666666666	0.6141333333333333	0.48216666666666663	0.41126666666666667	0.3710333333333333	0.37770000000000004	0.41633333333333333	0.4594666666666667	0.5014000000000001	0.5471666666666666	0.5921666666666666	0.6383333333333333	0.7017333333333333	0.7403333333333333	0.8262666666666667	0.8655666666666666	0.9659333333333332	1.0103000000000002	1.0805666666666667	1.1610333333333334	1.2301666666666666	1.3185333333333333	1.3834666666666666	1.4394	1.4997333333333334	1.5289333333333333	1.6081999999999999	1.6001333333333334	1.6895333333333333	1.6908333333333334	1.8298333333333332
H03	0.1476	0.1436333333333333	0.12290000000000001	0.15813333333333335	0.1762	0.2207333333333333	0.30856666666666666	0.39293333333333325	0.7816666666666666	1.1687666666666665	0.8592333333333332	0.4678	0.3902333333333333	0.4168666666666667	0.46420000000000006	0.5017666666666666	0.5435666666666666	0.6086333333333334	0.6245333333333333	0.7229333333333333	0.7841666666666667	0.8372666666666667	0.9366333333333333	0.9682000000000001	1.0295666666666665	1.1213333333333333	1.1847666666666665	1.2758333333333334	1.3305666666666667	1.3988	1.4450333333333334	1.5190333333333332	1.5853	1.5772333333333333	1.6273333333333333	1.6732333333333334	1.7820333333333331
H04	0.12893333333333334	0.11279999999999998	0.1082666666666667	0.12703333333333333	0.16496666666666668	0.18860000000000002	0.2623	0.41703333333333337	0.7987333333333333	0.9747666666666667	0.6611666666666667	0.40900000000000003	0.3731	0.40546666666666664	0.43156666666666665	0.4809	0.5283	0.577	0.6518	0.6994333333333334	0.7798666666666666	0.8417	0.9082666666666667	0.9565666666666666	1.0209666666666666	1.0891666666666666	1.1766666666666665	1.2696666666666667	1.3097333333333334	1.3824333333333334	1.4452333333333334	1.4940666666666667	1.5351333333333335	1.5579	1.6078	1.6333	1.7634666666666667
H05	0.1638	0.1474	0.15313333333333337	0.15649999999999997	0.20293333333333335	0.26460000000000006	0.4793666666666666	0.7489666666666667	0.7323999999999999	0.48516666666666675	0.39026666666666665	0.37473333333333336	0.39436666666666664	0.41236666666666677	0.46553333333333324	0.5208	0.5514333333333334	0.6300666666666667	0.6736666666666666	0.7487333333333334	0.8020999999999999	0.8923666666666668	0.9521	1.017	1.0889333333333335	1.1294	1.2412666666666667	1.3260999999999998	1.386	1.4443333333333332	1.4961333333333333	1.5246666666666666	1.5938999999999999	1.6215000000000002	1.6818333333333335	1.6741	1.8466333333333331
H06	0.1643	0.14069999999999996	0.14413333333333336	0.16899999999999998	0.19483333333333336	0.25639999999999996	0.4221666666666666	0.8006666666666666	0.8324	0.5929666666666668	0.37326666666666664	0.3591333333333334	0.3818666666666667	0.41566666666666674	0.4558333333333333	0.49470000000000003	0.5593333333333332	0.5903666666666667	0.6778666666666666	0.7000333333333334	0.7766	0.8389666666666667	0.9245000000000001	0.9785	1.0571333333333335	1.1126	1.1996666666666667	1.2766000000000002	1.3391	1.4007333333333332	1.4645333333333332	1.5119666666666667	1.5412	1.5570000000000002	1.6658333333333335	1.6776	1.7973333333333334
H07	0.005599999999999994	0.016099999999999975	0.020233333333333353	0.012800000000000006	0.010833333333333334	0.008600000000000024	0.008366666666666661	0.007466666666666649	0.0068000000000000005	0.006166666666666681	0.005966666666666648	0.007333333333333358	0.004466666666666647	0.0032666666666666955	0.0012333333333333085	0.0040999999999999925	0.004733333333333339	0.002366666666666656	0.0070666666666666655	0.003133333333333349	0.005099999999999993	0.008366666666666661	0.007300000000000001	0.007499999999999979	0.007933333333333348	0.007200000000000012	0.0033666666666666567	0.007699999999999985	0.005399999999999988	0.0065333333333333354	0.0065333333333333354	0.007466666666666663	0.012999999999999998	0.0116	0.012733333333333346	0.009599999999999997	0.012333333333333307
H08	0.1532	0.14459999999999998	0.14973333333333336	0.15760000000000002	0.19183333333333336	0.24390000000000003	0.6058666666666667	0.8416666666666667	0.6046	0.39016666666666666	0.3622666666666666	0.3571333333333333	0.3898666666666666	0.4159666666666667	0.46173333333333333	0.5122	0.5597333333333334	0.6107666666666667	0.6635666666666666	0.7239333333333334	0.7837999999999999	0.8650666666666667	0.9248000000000001	0.9884000000000001	1.0810333333333335	1.1308	1.1973666666666667	1.3229000000000002	1.3589	1.4367333333333332	1.5064333333333333	1.5254666666666665	1.5771	1.5818	1.6820333333333335	1.712	1.8442333333333334
H09	0.16749999999999998	0.16019999999999998	0.16583333333333336	0.18330000000000002	0.23433333333333334	0.3257	0.6815666666666667	0.7917666666666667	0.5403	0.39416666666666667	0.3738666666666667	0.3762333333333334	0.4111666666666667	0.4390666666666667	0.47463333333333324	0.5052	0.5575333333333334	0.5969666666666666	0.6586666666666666	0.7039333333333334	0.7615	0.8583666666666667	0.8982000000000001	0.9617000000000001	1.0373333333333334	1.083	1.1573666666666667	1.2490999999999999	1.3356	1.3648333333333333	1.4429333333333334	1.4721666666666666	1.5225	1.5473000000000001	1.6340333333333334	1.6632	1.7859333333333334
H10	0.14753333333333335	0.14896666666666666	0.13573333333333334	0.1822	0.22816666666666663	0.3893	0.5151333333333333	0.44953333333333334	0.4105666666666667	0.3354666666666667	0.3390333333333333	0.3869666666666666	0.4094	0.43720000000000003	0.4836	0.5179333333333334	0.5638	0.6166666666666667	0.6811333333333334	0.7430000000000001	0.8080333333333333	0.8784333333333334	0.9245333333333334	0.9925666666666666	1.0978666666666668	1.1536	1.2075666666666667	1.3018333333333334	1.3652333333333335	1.4194666666666667	1.4957333333333334	1.5182333333333333	1.5918333333333334	1.5872666666666668	1.7105666666666666	1.7192	1.8271000000000002
H11	0.14893333333333336	0.16176666666666664	0.12633333333333333	0.15169999999999997	0.18126666666666663	0.2109	0.3419333333333333	0.8403333333333333	0.8197666666666668	0.4501666666666666	0.3651333333333333	0.3617666666666666	0.37129999999999996	0.39149999999999996	0.45239999999999997	0.4894333333333334	0.5293	0.5776666666666667	0.6286333333333334	0.696	0.7511333333333333	0.8129333333333333	0.8873333333333333	0.9655666666666667	1.0330666666666668	1.0924	1.1468666666666667	1.2543333333333333	1.3019333333333334	1.3674666666666666	1.4575333333333333	1.4931333333333334	1.5515333333333334	1.5406666666666669	1.6727666666666665	1.6845	1.7913000000000001
H12	-0.007566666666666652	0.0025666666666666615	0.004833333333333328	0.0010999999999999899	0.0028666666666666563	0.011899999999999994	0.00273333333333331	-0.0017666666666666664	-0.0036333333333333495	0.011266666666666675	0.017133333333333334	0.005066666666666664	0.010399999999999993	0.023900000000000005	0.0121	0.028533333333333327	0.027999999999999997	0.020566666666666678	0.03133333333333335	0.023499999999999993	0.02523333333333333	0.02313333333333334	0.03513333333333332	0.02886666666666665	0.028566666666666657	0.025599999999999984	0.02636666666666665	0.02683333333333332	0.036433333333333345	0.03326666666666667	0.03903333333333334	0.03523333333333335	0.01883333333333334	0.02466666666666667	0.026266666666666688	0.024900000000000005	0.03559999999999999
