Well	Plate_ID	Group	Control	Flag	Subset	OD_Baseline	OD_Min	OD_Max	OD_Emp_AUC	Fold_Change
A1	20241010_hplc_growth_experiment	1	0	0	1	0.006933333333333319	-0.0002000000000000057	0.006933333333333319	0.0024611111111111036	
A2	20241010_hplc_growth_experiment	1	0	0	1	0.1557333333333333	0.15159999999999998	0.36916666666666653	0.20642777777777777	
A3	20241010_hplc_growth_experiment	1	0	0	1	0.14433333333333334	0.13410000000000002	0.4015666666666667	0.20947777777777782	
A4	20241010_hplc_growth_experiment	1	0	0	1	0.14986666666666668	0.1332333333333333	0.39316666666666666	0.19515000000000005	
A5	20241010_hplc_growth_experiment	1	0	0	1	0.15723333333333336	0.14433333333333334	0.35760000000000003	0.20117222222222225	
A6	20241010_hplc_growth_experiment	1	0	0	1	0.15813333333333335	0.13853333333333331	0.3553000000000001	0.1971888888888889	
A7	20241010_hplc_growth_experiment	1	0	0	1	0.01733333333333334	0.01733333333333334	0.04519999999999999	0.03662222222222222	
A8	20241010_hplc_growth_experiment	1	0	0	1	0.14793333333333336	0.14403333333333332	0.3715000000000001	0.2036555555555556	
A9	20241010_hplc_growth_experiment	1	0	0	1	0.14623333333333333	0.12883333333333333	0.5999	0.24422222222222223	
A10	20241010_hplc_growth_experiment	1	0	0	1	0.12733333333333333	0.12733333333333333	0.41536666666666666	0.24220000000000003	
A11	20241010_hplc_growth_experiment	1	0	0	1	0.14016666666666666	0.14016666666666666	0.2401333333333333	0.17702777777777778	
A12	20241010_hplc_growth_experiment	1	0	0	1	-0.001333333333333353	-0.01813333333333333	-0.001333333333333353	-0.010205555555555556	
B1	20241010_hplc_growth_experiment	1	0	0	1	-0.010600000000000012	-0.010600000000000012	0.008066666666666666	0.0018555555555555478	
B2	20241010_hplc_growth_experiment	1	0	0	1	0.11279999999999997	0.11279999999999997	0.2881	0.16820555555555558	
B3	20241010_hplc_growth_experiment	1	0	0	1	0.12969999999999998	0.12969999999999998	0.3047	0.18485555555555558	
B4	20241010_hplc_growth_experiment	1	0	0	1	0.14066666666666666	0.12483333333333335	0.3146333333333333	0.1832	
B5	20241010_hplc_growth_experiment	1	0	0	1	0.15793333333333334	0.13383333333333333	0.28669999999999995	0.18280555555555555	
B6	20241010_hplc_growth_experiment	1	0	0	1	0.14563333333333334	0.12983333333333333	0.2408	0.17312222222222223	
B7	20241010_hplc_growth_experiment	1	0	0	1	-0.003266666666666654	-0.011800000000000005	0.012433333333333324	-0.0009944444444444436	
B8	20241010_hplc_growth_experiment	1	0	0	1	0.16113333333333335	0.15053333333333332	0.3129	0.20407222222222224	
B9	20241010_hplc_growth_experiment	1	0	0	1	0.18413333333333334	0.18413333333333334	0.4481000000000001	0.29058888888888895	
B10	20241010_hplc_growth_experiment	1	0	0	1	0.13826666666666668	0.13826666666666668	0.35253333333333337	0.23251111111111114	
B11	20241010_hplc_growth_experiment	1	0	0	1	0.14646666666666666	0.14519999999999994	0.2952333333333333	0.1890277777777778	
B12	20241010_hplc_growth_experiment	1	0	0	1	0.04856666666666665	0.0008333333333333527	0.04856666666666665	0.013044444444444447	
C1	20241010_hplc_growth_experiment	1	0	0	1	0.014433333333333326	-0.009799999999999977	0.014433333333333326	-0.002483333333333334	
C2	20241010_hplc_growth_experiment	1	0	0	1	0.17373333333333335	0.14196666666666666	0.2511	0.17923333333333336	
C3	20241010_hplc_growth_experiment	1	0	0	1	0.1554333333333333	0.15536666666666668	0.3358	0.20455	
C4	20241010_hplc_growth_experiment	1	0	0	1	0.1670333333333333	0.16356666666666667	0.2822666666666667	0.1995555555555556	
C5	20241010_hplc_growth_experiment	1	0	0	1	0.1904333333333333	0.15336666666666668	0.2811	0.1996388888888889	
C6	20241010_hplc_growth_experiment	1	0	0	1	0.1980333333333333	0.19213333333333332	0.2106	0.2000555555555556	
C7	20241010_hplc_growth_experiment	1	0	0	1	-0.00016666666666667607	-0.02250000000000002	-0.00016666666666667607	-0.014744444444444449	
C8	20241010_hplc_growth_experiment	1	0	0	1	0.14103333333333334	0.1234666666666667	0.3095	0.18263888888888893	
C9	20241010_hplc_growth_experiment	1	0	0	1	0.15333333333333332	0.15333333333333332	0.31520000000000004	0.2105888888888889	
C10	20241010_hplc_growth_experiment	1	0	0	1	0.17536666666666664	0.17536666666666664	0.23593333333333336	0.21084444444444447	
C11	20241010_hplc_growth_experiment	1	0	0	1	0.14696666666666666	0.14696666666666666	0.2595333333333334	0.19026111111111113	
C12	20241010_hplc_growth_experiment	1	0	0	1	-0.03363333333333335	-0.03363333333333335	0.0029333333333333433	-0.012722222222222225	
D1	20241010_hplc_growth_experiment	1	0	0	1	-0.017733333333333337	-0.017733333333333337	0.00586666666666666	-0.003277777777777779	
D2	20241010_hplc_growth_experiment	1	0	0	1	0.14326666666666665	0.14326666666666665	0.3073666666666667	0.2029888888888889	
D3	20241010_hplc_growth_experiment	1	0	0	1	0.14126666666666665	0.14126666666666665	0.30296666666666666	0.19812222222222226	
D4	20241010_hplc_growth_experiment	1	0	0	1	0.1338666666666667	0.1338666666666667	0.32319999999999993	0.1988388888888889	
D5	20241010_hplc_growth_experiment	1	0	0	1	0.14016666666666666	0.14016666666666666	0.3074	0.22132222222222225	
D6	20241010_hplc_growth_experiment	1	0	0	1	0.1654666666666667	0.1654666666666667	0.32430000000000003	0.22107222222222228	
D7	20241010_hplc_growth_experiment	1	0	0	1	-0.003333333333333327	-0.003333333333333327	0.014066666666666672	0.006405555555555563	
D8	20241010_hplc_growth_experiment	1	0	0	1	0.15206666666666668	0.15206666666666668	0.32330000000000003	0.21392222222222224	
D9	20241010_hplc_growth_experiment	1	0	0	1	0.15886666666666666	0.15886666666666666	0.3467	0.23693888888888892	
D10	20241010_hplc_growth_experiment	1	0	0	1	0.14883333333333332	0.14883333333333332	0.29346666666666665	0.20592222222222223	
D11	20241010_hplc_growth_experiment	1	0	0	1	0.14803333333333335	0.14803333333333335	0.2858666666666667	0.19840555555555558	
D12	20241010_hplc_growth_experiment	1	0	0	1	0.009733333333333344	-0.007633333333333325	0.015600000000000003	0.0028888888888888987	
E1	20241010_hplc_growth_experiment	1	0	0	1	0.015700000000000006	-0.006133333333333324	0.02233333333333332	0.006838888888888897	
E2	20241010_hplc_growth_experiment	1	0	0	1	0.1456	0.14083333333333334	0.3037666666666667	0.1901388888888889	
E3	20241010_hplc_growth_experiment	1	0	0	1	0.1502	0.1472333333333333	0.25506666666666666	0.1857388888888889	
E4	20241010_hplc_growth_experiment	1	0	0	1	0.13926666666666665	0.13926666666666665	0.32780000000000004	0.20155	
E5	20241010_hplc_growth_experiment	1	0	0	1	0.1655333333333333	0.1655333333333333	0.2432666666666667	0.1949777777777778	
E6	20241010_hplc_growth_experiment	1	0	0	1	0.16283333333333333	0.16116666666666662	0.22856666666666664	0.18512777777777778	
E7	20241010_hplc_growth_experiment	1	0	0	1	0.0013333333333333253	-0.012333333333333365	0.0013333333333333253	-0.007855555555555567	
E8	20241010_hplc_growth_experiment	1	0	0	1	0.1530333333333333	0.1530333333333333	0.3012666666666667	0.19816111111111112	
E9	20241010_hplc_growth_experiment	1	0	0	1	0.15743333333333331	0.15246666666666664	0.2917666666666667	0.19922777777777778	
E10	20241010_hplc_growth_experiment	1	0	0	1	0.12486666666666665	0.12486666666666665	0.3164666666666667	0.20635555555555557	
E11	20241010_hplc_growth_experiment	1	0	0	1	0.12706666666666666	0.12706666666666666	0.32266666666666666	0.20643888888888892	
E12	20241010_hplc_growth_experiment	1	0	0	1	-0.007633333333333339	-0.007633333333333339	0.01206666666666667	0.003038888888888881	
F1	20241010_hplc_growth_experiment	1	0	0	1	-0.017899999999999985	-0.027599999999999986	-0.008033333333333337	-0.017911111111111107	
F2	20241010_hplc_growth_experiment	1	0	0	1	0.13520000000000004	0.13520000000000004	0.3100333333333334	0.19707222222222226	
F3	20241010_hplc_growth_experiment	1	0	0	1	0.1422	0.13610000000000005	0.31323333333333336	0.19665555555555558	
F4	20241010_hplc_growth_experiment	1	0	0	1	0.13876666666666665	0.13526666666666665	0.29289999999999994	0.18864999999999998	
F5	20241010_hplc_growth_experiment	1	0	0	1	0.15863333333333332	0.15863333333333332	0.3316666666666667	0.22662222222222225	
F6	20241010_hplc_growth_experiment	1	0	0	1	0.15063333333333334	0.15063333333333334	0.3088666666666666	0.20918888888888892	
F7	20241010_hplc_growth_experiment	1	0	0	1	0.000633333333333333	0.000633333333333333	0.01846666666666666	0.012188888888888895	
F8	20241010_hplc_growth_experiment	1	0	0	1	0.15023333333333333	0.15023333333333333	0.29756666666666665	0.20482222222222224	
F9	20241010_hplc_growth_experiment	1	0	0	1	0.15483333333333332	0.15483333333333332	0.3462666666666666	0.2217722222222222	
F10	20241010_hplc_growth_experiment	1	0	0	1	0.13493333333333335	0.13493333333333335	0.3179666666666666	0.20819444444444446	
F11	20241010_hplc_growth_experiment	1	0	0	1	0.12813333333333338	0.12696666666666664	0.32886666666666664	0.18739444444444447	
F12	20241010_hplc_growth_experiment	1	0	0	1	0.013033333333333357	-0.013533333333333314	0.013033333333333357	-0.0017888888888888887	
G1	20241010_hplc_growth_experiment	1	0	0	1	0.017299999999999996	0.008500000000000008	0.039899999999999984	0.020166666666666666	
G2	20241010_hplc_growth_experiment	1	0	0	1	0.1532	0.1532	0.2986333333333333	0.19503333333333334	
G3	20241010_hplc_growth_experiment	1	0	0	1	0.1285	0.1234	0.2936333333333333	0.17208333333333337	
G4	20241010_hplc_growth_experiment	1	0	0	1	0.15139999999999998	0.14613333333333334	0.3215666666666667	0.1976666666666667	
G5	20241010_hplc_growth_experiment	1	0	0	1	0.1621	0.15329999999999994	0.3185	0.20409444444444444	
G6	20241010_hplc_growth_experiment	1	0	0	1	0.1602	0.1469	0.2633	0.1928277777777778	
G7	20241010_hplc_growth_experiment	1	0	0	1	-0.0058999999999999895	-0.021499999999999974	-0.0058999999999999895	-0.01748888888888889	
G8	20241010_hplc_growth_experiment	1	0	0	1	0.152	0.1384	0.2999000000000001	0.1931777777777778	
G9	20241010_hplc_growth_experiment	1	0	0	1	0.1509	0.1405	0.3197	0.1979777777777778	
G10	20241010_hplc_growth_experiment	1	0	0	1	0.13753333333333334	0.13753333333333334	0.3005	0.18698333333333336	
G11	20241010_hplc_growth_experiment	1	0	0	1	0.14243333333333336	0.14243333333333336	0.3249	0.21533333333333335	
G12	20241010_hplc_growth_experiment	1	0	0	1	-0.009566666666666654	-0.009566666666666654	0.006366666666666659	-0.001316666666666672	
H1	20241010_hplc_growth_experiment	1	0	0	1	-0.007099999999999995	-0.0207	0.0060999999999999934	-0.0027833333333333334	
H2	20241010_hplc_growth_experiment	1	0	0	1	0.15050000000000002	0.1486	0.2825333333333333	0.18905000000000005	
H3	20241010_hplc_growth_experiment	1	0	0	1	0.1476	0.1229	0.2207333333333333	0.16153333333333336	
H4	20241010_hplc_growth_experiment	1	0	0	1	0.12893333333333334	0.1082666666666667	0.1886	0.13843333333333335	
H5	20241010_hplc_growth_experiment	1	0	0	1	0.1638	0.1474	0.2646000000000001	0.18139444444444447	
H6	20241010_hplc_growth_experiment	1	0	0	1	0.1643	0.14069999999999994	0.2564	0.17822777777777782	
H7	20241010_hplc_growth_experiment	1	0	0	1	0.005599999999999994	0.005599999999999994	0.020233333333333357	0.012361111111111116	
H8	20241010_hplc_growth_experiment	1	0	0	1	0.1532	0.14459999999999998	0.24390000000000006	0.17347777777777781	
H9	20241010_hplc_growth_experiment	1	0	0	1	0.16749999999999998	0.16019999999999998	0.3257	0.20614444444444446	
H10	20241010_hplc_growth_experiment	1	0	0	1	0.14753333333333335	0.13573333333333334	0.3893	0.20531666666666665	
H11	20241010_hplc_growth_experiment	1	0	0	1	0.14893333333333336	0.12633333333333333	0.2109	0.16348333333333334	
H12	20241010_hplc_growth_experiment	1	0	0	1	-0.007566666666666651	-0.007566666666666651	0.011899999999999994	0.0026166666666666634	
