	0	1200	2400	3600	4800	6000
A01	0.006933333333333319	0.005399999999999988	0.0003333333333333244	-0.00020000000000000573	0.001533333333333331	0.0007666666666666655
A02	0.1557333333333333	0.15159999999999998	0.1643333333333333	0.15990000000000001	0.23783333333333334	0.36916666666666664
A03	0.14433333333333334	0.13410000000000002	0.16193333333333335	0.16539999999999996	0.24953333333333333	0.40156666666666674
A04	0.14986666666666668	0.1349	0.13833333333333334	0.1332333333333333	0.2214	0.39316666666666666
A05	0.15723333333333334	0.14433333333333334	0.16473333333333334	0.15816666666666665	0.22496666666666668	0.35760000000000003
A06	0.15813333333333335	0.13853333333333331	0.15503333333333336	0.15156666666666666	0.22456666666666666	0.35530000000000006
A07	0.01733333333333334	0.029033333333333328	0.04143333333333332	0.04496666666666668	0.041766666666666674	0.04519999999999999
A08	0.14793333333333336	0.14403333333333332	0.14823333333333333	0.16376666666666664	0.2464666666666667	0.37150000000000005
A09	0.14623333333333333	0.12883333333333333	0.14043333333333335	0.15316666666666665	0.2967666666666666	0.5999
A10	0.12733333333333333	0.14389999999999997	0.16263333333333332	0.22343333333333334	0.41536666666666666	0.3805333333333334
A11	0.14016666666666663	0.14729999999999996	0.16766666666666666	0.17086666666666664	0.19603333333333334	0.24013333333333334
A12	-0.001333333333333353	-0.004200000000000009	-0.0055333333333333345	-0.018133333333333335	-0.01796666666666666	-0.014066666666666644
B01	-0.010600000000000012	-0.002433333333333315	0.005499999999999977	0.008066666666666666	0.0032999999999999974	0.007299999999999973
B02	0.11279999999999998	0.12436666666666671	0.1364	0.14976666666666666	0.1978	0.2881
B03	0.12969999999999998	0.1309666666666667	0.15579999999999997	0.17076666666666668	0.21719999999999998	0.30469999999999997
B04	0.14066666666666666	0.12483333333333335	0.14586666666666667	0.16493333333333332	0.20826666666666668	0.3146333333333333
B05	0.15793333333333337	0.13383333333333333	0.14323333333333332	0.17046666666666668	0.2046666666666667	0.28669999999999995
B06	0.14563333333333334	0.12983333333333333	0.15523333333333333	0.16916666666666666	0.1980666666666667	0.2408
B07	-0.003266666666666654	0.012433333333333324	0.0021333333333333204	-0.005133333333333323	-0.0003333333333333244	-0.011800000000000005
B08	0.16113333333333335	0.15053333333333332	0.17383333333333334	0.19126666666666667	0.23476666666666665	0.31289999999999996
B09	0.18413333333333337	0.21803333333333333	0.2557333333333333	0.2847666666666667	0.3527666666666667	0.44810000000000005
B10	0.13826666666666668	0.18409999999999996	0.21106666666666665	0.2258666666666667	0.28323333333333334	0.35253333333333337
B11	0.14646666666666666	0.14519999999999997	0.14996666666666666	0.17966666666666667	0.21763333333333335	0.29523333333333335
B12	0.04856666666666665	0.011699999999999988	0.01156666666666667	0.0017666666666666664	0.0038333333333333552	0.0008333333333333526
C01	0.014433333333333326	0.0015666666666666607	-0.007566666666666666	-0.007500000000000007	-0.006033333333333335	-0.009799999999999975
C02	0.17373333333333335	0.14196666666666666	0.14353333333333332	0.163	0.20206666666666667	0.2511
C03	0.1554333333333333	0.15536666666666668	0.16513333333333333	0.19119999999999995	0.22436666666666666	0.3358
C04	0.1670333333333333	0.16356666666666667	0.17446666666666663	0.19206666666666666	0.21793333333333334	0.28226666666666667
C05	0.1904333333333333	0.15336666666666668	0.163	0.18683333333333332	0.22310000000000002	0.2811
C06	0.19803333333333334	0.20126666666666668	0.20569999999999997	0.19213333333333335	0.1926	0.21059999999999998
C07	-0.00016666666666667607	-0.02053333333333332	-0.02250000000000002	-0.014566666666666672	-0.02209999999999998	-0.008600000000000024
C08	0.14103333333333334	0.1234666666666667	0.148	0.16513333333333333	0.2087	0.3095
C09	0.15333333333333332	0.16416666666666666	0.1842	0.20793333333333333	0.23870000000000002	0.31520000000000004
C10	0.17536666666666664	0.20249999999999999	0.2061666666666667	0.22676666666666664	0.21833333333333332	0.23593333333333336
C11	0.14696666666666666	0.14969999999999997	0.18786666666666665	0.18966666666666668	0.20783333333333331	0.2595333333333334
C12	-0.03363333333333335	-0.023200000000000012	-0.01363333333333333	0.002066666666666661	-0.010866666666666663	0.0029333333333333433
D01	-0.017733333333333337	-0.01363333333333333	-0.002166666666666678	0.00523333333333334	0.005866666666666659	0.0027666666666666673
D02	0.14326666666666665	0.15916666666666665	0.15913333333333335	0.19873333333333335	0.25026666666666664	0.3073666666666667
D03	0.14126666666666665	0.16116666666666665	0.16133333333333333	0.19203333333333336	0.22996666666666668	0.30296666666666666
D04	0.1338666666666667	0.14359999999999998	0.1727	0.1895	0.23016666666666666	0.32319999999999993
D05	0.14016666666666666	0.19243333333333335	0.20023333333333335	0.22413333333333332	0.2635666666666666	0.3074
D06	0.1654666666666667	0.17093333333333333	0.19033333333333333	0.21443333333333334	0.2609666666666667	0.32430000000000003
D07	-0.003333333333333327	0.006033333333333335	0.013633333333333358	0.0054333333333333456	0.014066666666666672	0.002599999999999991
D08	0.15206666666666668	0.16333333333333333	0.18803333333333336	0.20533333333333334	0.2514666666666666	0.32330000000000003
D09	0.15886666666666666	0.18883333333333335	0.21653333333333333	0.22853333333333334	0.2821666666666667	0.3467
D10	0.14883333333333332	0.1604	0.17870000000000005	0.20203333333333334	0.2521	0.29346666666666665
D11	0.14803333333333335	0.15239999999999998	0.17380000000000004	0.20003333333333334	0.23029999999999998	0.2858666666666667
D12	0.009733333333333344	0.015600000000000003	0.0029000000000000414	-0.006566666666666665	0.0032999999999999974	-0.007633333333333325
E01	0.015700000000000006	0.022333333333333316	0.011800000000000005	-0.006133333333333324	-0.0043333333333333	0.0016666666666666774
E02	0.1456	0.14083333333333334	0.14859999999999998	0.1812666666666667	0.2207666666666667	0.3037666666666667
E03	0.1502	0.1472333333333333	0.15059999999999998	0.18786666666666668	0.22346666666666667	0.25506666666666666
E04	0.13926666666666665	0.1529	0.1543333333333333	0.2057	0.22929999999999998	0.32780000000000004
E05	0.1655333333333333	0.17596666666666666	0.18003333333333332	0.1876	0.21746666666666667	0.2432666666666667
E06	0.16283333333333333	0.16116666666666662	0.17293333333333333	0.17880000000000001	0.20646666666666666	0.22856666666666664
E07	0.0013333333333333253	-0.00803333333333335	-0.011566666666666683	-0.008199999999999985	-0.012333333333333363	-0.008333333333333331
E08	0.1530333333333333	0.16316666666666663	0.1691333333333333	0.18580000000000002	0.21656666666666666	0.3012666666666667
E09	0.15743333333333331	0.15246666666666664	0.1696333333333333	0.19020000000000004	0.23386666666666664	0.2917666666666667
E10	0.12486666666666665	0.15926666666666664	0.17746666666666663	0.2006666666666667	0.25939999999999996	0.3164666666666667
E11	0.12706666666666666	0.15296666666666667	0.17396666666666663	0.21286666666666668	0.24909999999999996	0.32266666666666666
E12	-0.007633333333333339	-0.0037333333333333385	-0.00023333333333336315	0.006766666666666671	0.010999999999999982	0.01206666666666667
F01	-0.017899999999999985	-0.0228	-0.027599999999999986	-0.016466666666666657	-0.008033333333333337	-0.014666666666666661
F02	0.13520000000000004	0.14989999999999998	0.15580000000000002	0.19893333333333332	0.23256666666666667	0.3100333333333334
F03	0.1422	0.1528	0.13610000000000003	0.2005333333333333	0.23506666666666667	0.31323333333333336
F04	0.13876666666666665	0.13526666666666665	0.1552333333333333	0.1953	0.2144333333333333	0.29289999999999994
F05	0.15863333333333332	0.17960000000000004	0.21100000000000002	0.21873333333333336	0.2601	0.33166666666666667
F06	0.15063333333333334	0.1617	0.17660000000000003	0.21333333333333335	0.24400000000000002	0.3088666666666666
F07	0.000633333333333333	0.008800000000000016	0.01230000000000002	0.015833333333333338	0.017100000000000004	0.01846666666666666
F08	0.15023333333333333	0.1512	0.18110000000000004	0.21253333333333332	0.23629999999999998	0.29756666666666665
F09	0.15483333333333332	0.1699	0.1875	0.21263333333333337	0.25949999999999995	0.3462666666666666
F10	0.13493333333333335	0.14886666666666667	0.17763333333333334	0.20749999999999996	0.2622666666666667	0.3179666666666666
F11	0.12813333333333338	0.12696666666666664	0.14283333333333334	0.17209999999999998	0.2254666666666667	0.32886666666666664
F12	0.013033333333333355	-0.003133333333333349	0.00633333333333333	-0.0032000000000000084	-0.013533333333333314	-0.010233333333333344
G01	0.017299999999999996	0.011733333333333346	0.03989999999999999	0.026833333333333348	0.008500000000000008	0.016733333333333322
G02	0.1532	0.1602333333333333	0.15589999999999998	0.17993333333333336	0.22229999999999997	0.2986333333333333
G03	0.1285	0.13133333333333333	0.12340000000000001	0.15293333333333334	0.20270000000000002	0.2936333333333333
G04	0.15139999999999998	0.15896666666666667	0.14613333333333337	0.18013333333333337	0.2278	0.32156666666666667
G05	0.1621	0.15329999999999996	0.1621333333333333	0.20120000000000002	0.22733333333333333	0.3185
G06	0.1602	0.1469	0.17653333333333332	0.1918	0.21823333333333333	0.2633
G07	-0.005899999999999989	-0.014400000000000024	-0.020766666666666683	-0.021499999999999977	-0.021066666666666664	-0.021299999999999986
G08	0.152	0.1384	0.1616333333333333	0.17830000000000004	0.22883333333333333	0.29990000000000006
G09	0.1509	0.14049999999999999	0.15673333333333334	0.1792	0.24083333333333334	0.3197
G10	0.13753333333333334	0.14306666666666665	0.14933333333333335	0.1677	0.22376666666666667	0.3005
G11	0.14243333333333336	0.17116666666666666	0.18193333333333336	0.20859999999999998	0.2629666666666666	0.32489999999999997
G12	-0.009566666666666654	0.0029666666666666452	-0.008066666666666666	0.0010000000000000009	0.006366666666666659	-0.0006000000000000172
H01	-0.007099999999999995	0.00523333333333334	-0.020699999999999996	-0.0026666666666666783	0.006099999999999994	0.002433333333333343
H02	0.15050000000000002	0.16143333333333335	0.1486	0.16983333333333334	0.2214	0.2825333333333333
H03	0.1476	0.1436333333333333	0.12290000000000001	0.15813333333333335	0.1762	0.2207333333333333
H04	0.12893333333333334	0.11279999999999998	0.1082666666666667	0.12703333333333333	0.16496666666666668	0.18860000000000002
H05	0.1638	0.1474	0.15313333333333337	0.15649999999999997	0.20293333333333335	0.26460000000000006
H06	0.1643	0.14069999999999996	0.14413333333333336	0.16899999999999998	0.19483333333333336	0.25639999999999996
H07	0.005599999999999994	0.016099999999999975	0.020233333333333353	0.012800000000000006	0.010833333333333334	0.008600000000000024
H08	0.1532	0.14459999999999998	0.14973333333333336	0.15760000000000002	0.19183333333333336	0.24390000000000003
H09	0.16749999999999998	0.16019999999999998	0.16583333333333336	0.18330000000000002	0.23433333333333334	0.3257
H10	0.14753333333333335	0.14896666666666666	0.13573333333333334	0.1822	0.22816666666666663	0.3893
H11	0.14893333333333336	0.16176666666666664	0.12633333333333333	0.15169999999999997	0.18126666666666663	0.2109
H12	-0.007566666666666652	0.0025666666666666615	0.004833333333333328	0.0010999999999999899	0.0028666666666666563	0.011899999999999994
